0.01	0.16107214442507875
0.02	0.3196087955796279
0.03	0.47563560448315945
0.04	0.6291780557046072
0.05	0.7802614571546461
0.06	0.928910950885636
0.07	1.0751515080709788
0.08	1.2190079180401698
0.09	1.360504834266147
0.1	1.4996667263945545
0.11	1.636517856698275
0.12	1.7710823653250933
0.13	1.90338420639856
0.14	2.0334471571301305
0.15	2.1612949067559244
0.16	2.286950917090233
0.17	2.410438466752617
0.18	2.5317805992023645
0.19	2.651000426995352
0.2	2.7681207127244383
0.21	2.8831641512543498
0.22	2.9961529835930834
0.23	3.107109861233568
0.24	3.2160566706559144
0.25	3.3230156172619316
0.26	3.4280083913269315
0.27	3.531056906661644
0.28	3.632182272390376
0.29	3.7314061666903435
0.3	3.828749794338374
0.31	3.9242341655699704
0.32	4.017880012372762
0.33	4.109708108847834
0.34	4.199739180761349
0.35	4.2879935453024896
0.36	4.374491539239042
0.37	4.459253375359428
0.38	4.542298390041303
0.39	4.62364731254491
0.4	4.7033189481564275
0.41	4.781333461871384
0.42	4.857709917240385
0.43	4.932467508986526
0.44	5.005625131001481
0.45	5.077202019340245
0.46	5.14721663438978
0.47	5.2156879367405296
0.48	5.282633692726267
0.49	5.348072882616004
0.5	5.412023752523934
0.51	5.4745032364215485
0.52	5.535530222968212
0.53	5.595122459861752
0.54	5.653296619975103
0.55	5.710071425004465
0.56	5.765463108254771
0.57	5.819488623613549
0.58	5.87216566949943
0.59	5.923511253721466
0.6	5.973541939481012
0.61	6.022273688273551
0.62	6.069723043252791
0.63	6.115907145205818
0.64	6.160841281115527
0.65	6.204542342974149
0.66	6.247025433283632
0.67	6.288306097742349
0.68	6.328400335543626
0.69	6.3673245973009065
0.7	6.40509195436998
0.71	6.441719851336049
0.72	6.47722247315618
0.73	6.511614328224801
0.74	6.5449102544630104
0.75	6.577125425043269
0.76	6.608275353903943
0.77	6.638371315767889
0.78	6.667431019658555
0.79	6.695467143127115
0.8	6.722492842412081
0.81	6.748523277711705
0.82	6.7735722449733275
0.83	6.79765175884844
0.84	6.820776726997091
0.85	6.842961835014722
0.86	6.86421655247799
0.87	6.884558074160053
0.88	6.903996871101227
0.89	6.9225460139509245
0.9	6.940219169287121
0.91	6.957028721321963
0.92	6.972987194185135
0.93	6.988107252612804
0.94	7.0024002943317125
0.95	7.015878019002126
0.96	7.028555089886432
0.97	7.040440075051175
0.98	7.051548416637063
0.99	7.0618874001470315
1.	7.071472328351367
1.01	7.080313932789914
1.02	7.088423011324102
1.03	7.0958096314063095
1.04	7.102486430039573
1.05	7.108464192287472
1.06	7.113752596950705
1.07	7.118363531304716
1.08	7.122308212056733
1.09	7.125597923502819
1.1	7.128239105041413
1.11	7.130246481727578
1.12	7.1316277427631025
1.13	7.132394873434549
1.14	7.132555116427018
1.15	7.132121911189864
1.16	7.131102858560483
1.17	7.129506695188199
1.18	7.12734507075397
1.19	7.124627109011418
1.2	7.121361951662765
1.21	7.1175587578080455
1.22	7.113226703293779
1.23	7.10837498005126
1.24	7.103012795354317
1.25	7.097149371058215
1.26	7.090793135282431
1.27	7.0839503333005895
1.28	7.076633210423009
1.29	7.068850743600497
1.3	7.060605816051119
1.31	7.051913550828661
1.32	7.042776749448472
1.33	7.033208310029157
1.34	7.023210968295238
1.35	7.012798322134388
1.36	7.001973377497492
1.37	6.990745996644765
1.38	6.979125195801823
1.39	6.9671175936880925
1.4	6.9547277041681115
1.41	6.941966176832247
1.42	6.928840034845334
1.43	6.915356286071213
1.44	6.901521922554871
1.45	6.887343919998283
1.46	6.872829237246642
1.47	6.857984815755951
1.48	6.8428175790305605
1.49	6.827334432159753
1.5	6.811542261134279
1.51	6.795447191711532
1.52	6.779053240500238
1.53	6.7623701383505495
1.54	6.745404708642564
1.55	6.728161486110821
1.56	6.710644875595898
1.57	6.692865544929606
1.58	6.6748254625511425
1.59	6.656532108563548
1.6	6.637992758364275
1.61	6.619209502835758
1.62	6.600192649825976
1.63	6.580943408433206
1.64	6.561470610087662
1.65	6.541779070673149
1.66	6.5218716723819
1.67	6.501758481691478
1.68	6.481440481068039
1.69	6.460923779903996
1.7	6.440215940050078
1.71	6.41932162699603
1.72	6.3982409967905
1.73	6.376983495237586
1.74	6.355553839135532
1.75	6.3339565819059445
1.76	6.312196248726916
1.77	6.290277336363475
1.78	6.268203602900085
1.79	6.245979730628407
1.8	6.223611074726236
1.81	6.201102014455029
1.82	6.178456899609991
1.83	6.155680050266957
1.84	6.132775756620843
1.85	6.109747258541474
1.86	6.086598698082961
1.87	6.063334918481355
1.88	6.039960090630471
1.89	6.016478354662544
1.9	5.99289381973441
1.91	5.969210563878294
1.92	5.945429022393394
1.93	5.921555153868332
1.94	5.897594161904128
1.95	5.873550000688979
1.96	5.849421297876454
1.97	5.825215526845381
1.98	5.800937818872365
1.99	5.776586576521095
2.	5.7521681851448765
2.01	5.727688667463092
2.02	5.703142980182117
2.03	5.678543320759472
2.04	5.653887040344863
2.05	5.629180121664624
2.06	5.604424793998659
2.07	5.579623436864793
2.08	5.554780215744178
2.09	5.52989698725912
2.1	5.504976825863389
2.11	5.480024065371092
2.12	5.455037705936549
2.13	5.430026756558927
2.14	5.404985490912845
2.15	5.379923709588843
2.16	5.35484236900279
2.17	5.329739974566706
2.18	5.304624716625882
2.19	5.27949708026376
2.2	5.254355804198726
2.21	5.229208339700932
2.22	5.204056750991337
2.23	5.178899163040899
2.24	5.153740087935905
2.25	5.1285832790409325
2.26	5.103430710232799
2.27	5.078283368182265
2.28	5.053141047738414
2.29	5.028009074714684
2.3	5.002889332833927
2.31	4.977783684099401
2.32	4.952693968827204
2.33	4.927622005681348
2.34	4.9025690015786525
2.35	4.877535978838133
2.36	4.852526330110796
2.37	4.827541784942634
2.38	4.802584050556323
2.39	4.777654814001361
2.4	4.752755740530282
2.41	4.7278884741235
2.42	4.703054656023321
2.43	4.678255850094606
2.44	4.653493655661754
2.45	4.628769632216965
2.46	4.604085317856
2.47	4.579442230486316
2.48	4.554841866872625
2.49	4.530285679105108
2.5	4.505772995181224
2.51	4.481307151515619
2.52	4.456889565208619
2.53	4.432521632878279
2.54	4.408204730716967
2.55	4.383940214555741
2.56	4.35972941994589
2.57	4.335571234805538
2.58	4.311467701059645
2.59	4.287421549246712
2.6	4.263434037795732
2.61	4.239506405150837
2.62	4.2156363157212695
2.63	4.191826848543725
2.64	4.168080646493746
2.65	4.144398872358734
2.66	4.1207784376376235
2.67	4.09722285363433
2.68	4.073734870664485
2.69	4.050313881006264
2.7	4.026957658606203
2.71	4.003672055054842
2.72	3.980457006184779
2.73	3.957308451154677
2.74	3.934233380048568
2.75	3.9112304109244262
2.76	3.888297398378031
2.77	3.865440584470648
2.78	3.842655483392719
2.79	3.8199454648340367
2.8	3.7973127546270895
2.81	3.774752422618453
2.82	3.7522724331731814
2.83	3.7298662648750605
2.84	3.7075402591331965
2.85	3.6852916005821026
2.86	3.663122190185176
2.87	3.641032843484771
2.88	3.6190225322125538
2.89	3.597094213835888
2.9	3.5752453997867573
2.91	3.5534797417338546
2.92	3.5317947183108904
2.93	3.510193269283953
2.94	3.4886742267051503
2.95	3.467238453284093
2.96	3.4458874800059855
2.97	3.424618767843347
2.98	3.4034378519939947
2.99	3.382337506993193
3.	3.361325941647947
3.01	3.340397787342794
3.02	3.3195562267860668
3.03	3.2988025507574847
3.04	3.278132111638104
3.05	3.2575513127407474
3.06	3.237056290460014
3.07	3.2166479843011726
3.08	3.196329702782244
3.09	3.1760964107515557
3.1	3.155951841543397
3.11	3.1358976170097717
3.12	3.115928854378911
3.13	3.096049413589079
3.14	3.0762605749227028
3.15	3.056558870246414
3.16	3.0369457424569566
3.17	3.0174234132053894
3.18	2.9979910311743634
3.19	2.978645199274064
3.2	2.9593903030718427
3.21	2.940226319510915
3.22	2.921151502237106
3.23	2.9021647682405383
3.24	2.8832690096811775
3.25	2.8644641821527674
3.26	2.8457497026477876
3.27	2.8271226538373417
3.28	2.8085865274001236
3.29	2.790141258444495
3.3	2.771786777629219
3.31	2.7535221768781337
3.32	2.735345781488096
3.33	2.7172600817735466
3.34	2.6992649889440057
3.35	2.681360409995248
3.36	2.6635462477208836
3.37	2.64582152910406
3.38	2.6281853749689574
3.39	2.610639451267994
3.4	2.593183642609439
3.41	2.5758178296709673
3.42	2.5585418892441107
3.43	2.5413556943053264
3.44	2.524259113951553
3.45	2.50725147357606
3.46	2.4903321114453836
3.47	2.4735020637623104
3.48	2.456761183093114
3.49	2.4401093184471634
3.5	2.4235463153216306
3.51	2.407072015762684
3.52	2.390686258341056
3.53	2.374388878301164
3.54	2.358179707532599
3.55	2.342058574631458
3.56	2.326025304942813
3.57	2.3100797206028054
3.58	2.294221640580535
3.59	2.2784508807199693
3.6	2.262767253781666
3.61	2.2471705694874746
3.62	2.23166063455101
3.63	2.2162372527371366
3.64	2.2009002248920226
3.65	2.1856493489882167
3.66	2.1704844201664426
3.67	2.1554052307781113
3.68	2.140411570426362
3.69	2.125503226008191
3.7	2.1106799817405264
3.71	2.095941619262302
3.72	2.0812879175870687
3.73	2.066718653206293
3.74	2.052233600102864
3.75	2.037832529802964
3.76	2.023515211422676
3.77	2.0092814116970383
3.78	1.9951308950247417
3.79	1.9810634235084863
3.8	1.9670783565484986
3.81	1.9531748295905635
3.82	1.9393535607847454
3.83	1.9256143047407928
3.84	1.911956813954376
3.85	1.89838083885066
3.86	1.8848861278238145
3.87	1.8714724272761167
3.88	1.8581394816567791
3.89	1.844885852646017
3.9	1.8317116652746865
3.91	1.8186174061827365
3.92	1.8056028135415314
3.93	1.7926676224523421
3.94	1.7798115712619555
3.95	1.7670343243719393
3.96	1.754333434737958
3.97	1.7417108347091144
3.98	1.729166253375699
3.99	1.7166994182332997
4.	1.7043100552579722
4.01	1.6919966574279082
4.02	1.6797588088437538
4.03	1.667597566218239
4.04	1.6555126507099407
4.05	1.6435037821012686
4.06	1.6315690805141139
4.07	1.6197086358465989
4.08	1.607923359347587
4.09	1.5962129665691027
4.1	1.5845768298397256
4.11	1.573012352679775
4.12	1.5615218724349764
4.13	1.5501051008709288
4.14	1.5387617486572716
4.15	1.5274883852586043
4.16	1.5162878296949145
4.17	1.5051597974574302
4.18	1.4941035131434806
4.19	1.483116363494516
4.2	1.4722008375276334
4.21	1.4613566407148932
4.22	1.4505817309408222
4.23	1.4398758964680787
4.24	1.4292404866727342
4.25	1.4186749870335014
4.26	1.4081760294692836
4.27	1.397746589756341
4.28	1.3873863693733997
4.29	1.3770923221039424
4.3	1.3668660374864434
4.31	1.356708062274486
4.32	1.346615893045349
4.33	1.3365899516966506
4.34	1.326631408687508
4.35	1.3167378967330643
4.36	1.3069094911647616
4.37	1.2971475722115242
4.38	1.2874495259698298
4.39	1.2778158541825229
4.4	1.2682477570992694
4.41	1.2587420144633645
4.42	1.2493002810691858
4.43	1.2399232107325804
4.44	1.2306066375196785
4.45	1.2213540532391243
4.46	1.2121640750334117
4.47	1.2030347168097946
4.48	1.1939685044464226
4.49	1.1849624809976007
4.5	1.1760176374232163
4.51	1.1671346275271388
4.52	1.1583098981272708
4.53	1.1495468030723959
4.54	1.1408426102307423
4.55	1.1321977872200737
4.56	1.123613108301651
4.57	1.1150853222906847
4.58	1.1066176667722483
4.59	1.098206767982314
4.6	1.0898543231150242
4.61	1.0815595027936655
4.62	1.0733210480354562
4.63	1.0651409242201078
4.64	1.0570152454839787
4.65	1.0489476093584817
4.66	1.0409343384548437
4.67	1.0329776798838786
4.68	1.025075768992794
4.69	1.0172288892694734
4.7	1.0094369982100846
4.71	1.001698705378423
4.72	0.9940155062780244
4.73	0.986384615232316
4.74	0.978808792459894
4.75	0.9712841250036347
4.76	0.9638142715056502
4.77	0.9563947600271345
4.78	0.9490293806823783
4.79	0.9417140647732669
4.8	0.9344519980933925
4.81	0.9272396029860137
4.82	0.9200796945700904
4.83	0.9129689574384873
4.84	0.9059100601723842
4.85	0.8988997301595858
4.86	0.8919407042228532
4.87	0.8850295423061744
4.88	0.87816925523619
4.89	0.8713560341810406
4.9	0.8645933070345553
4.91	0.8578768652227728
4.92	0.8512102140371502
4.93	0.8445897140902286
4.94	0.8380179419064236
4.95	0.8314922782615957
4.96	0.8250141999389268
4.97	0.8185822746169882
4.98	0.812196716393206
4.99	0.8058574390249794
5.	0.7995632385509369
5.01	0.7933155264268846
5.02	0.787111532698255
5.03	0.7809539029712004
5.04	0.7748393841056531
5.05	0.7687702176001011
5.06	0.7627445970689856
5.07	0.7567627666686851
5.08	0.7508249860552296
5.09	0.7449293905465288
5.1	0.7390780441323626
5.11	0.7332679560625227
5.12	0.7275011616686825
5.13	0.7217763110070112
5.14	0.7160929854216519
5.15	0.7104523560658731
5.16	0.7048514279559469
5.17	0.6992927183903138
5.18	0.6937744096800792
5.19	0.6882964799786958
5.2	0.6828598696755694
5.21	0.6774616763052046
5.22	0.6721042936542642
5.23	0.6667862757135585
5.24	0.661507055508333
5.25	0.6562678109548172
5.26	0.6510661910909062
5.27	0.6459035614610875
5.28	0.6407797162307189
5.29	0.6356927017570997
5.3	0.6306443215203312
5.31	0.6256332764071578
5.32	0.6206590060858457
5.33	0.615722574868976
5.34	0.6108222145928102
5.35	0.6059584134926946
5.36	0.6011316711046066
5.37	0.5963399100223293
5.38	0.5915843430678924
5.39	0.5868650689228859
5.4	0.582179850865534
5.41	0.5775303222533785
5.42	0.572916334790275
5.43	0.5683356328960454
5.44	0.5637899854789018
5.45	0.5592791415689813
5.46	0.5548009581106932
5.47	0.5503570728833579
5.48	0.5459472672862403
5.49	0.5415696334827985
5.5	0.5372254289711179
5.51	0.5329145937503259
5.52	0.5286355695794687
5.53	0.5243890012921394
5.54	0.5201751052633419
5.55	0.5159927792701459
5.56	0.5118418391487441
5.57	0.507722887345256
5.58	0.5036353764516414
5.59	0.49957809233182743
5.6	0.49555212545463795
5.61	0.49155724371958825
5.62	0.48759200984039397
5.63	0.4836571037395804
5.64	0.47975262892505455
5.65	0.4758779386434558
5.66	0.47203220379990374
5.67	0.46821625874542344
5.68	0.46442988206131725
5.69	0.46067190345981635
5.7	0.4569426449185872
5.71	0.45324232977424306
5.72	0.4495707425648392
5.73	0.44592639369057563
5.74	0.4423103421266388
5.75	0.438722409656918
5.76	0.4351622046275353
5.77	0.43162865141067325
5.78	0.42812262004672813
5.79	0.42464390503029675
5.8	0.4211920815583909
5.81	0.41776622971798
5.82	0.41436711246886154
5.83	0.4109945298554949
5.84	0.407648184659326
5.85	0.4043269863120127
5.86	0.4010317559616355
5.87	0.3977622990605591
5.88	0.3945184224842225
5.89	0.39129907710815387
5.9	0.3881047835221291
5.91	0.3849355222261033
5.92	0.38179110532501925
5.93	0.37867095003740403
5.94	0.37557471841358947
5.95	0.3725027974613381
5.96	0.36945500438342027
5.97	0.3664311577195007
5.98	0.3634303680590254
5.99	0.3604530053486385
6.	0.3574990729324403
6.01	0.35456839428163317
6.02	0.35166079415891127
6.03	0.34877530305405585
6.04	0.3459125391891039
6.05	0.34307235480070297
6.06	0.34025457942341697
6.07	0.33745904383961256
6.08	0.3346849005690909
6.09	0.3319326057019261
6.1	0.32920206812704994
6.11	0.3264931232445833
6.12	0.3238056076604124
6.13	0.321138975428432
6.14	0.3184931557417102
6.15	0.3158682989009441
6.16	0.31326424598080843
6.17	0.3106808392222199
6.18	0.3081179220219902
6.19	0.3055747864051702
6.2	0.30305177532452654
6.21	0.30054880608214957
6.22	0.2980657279629877
6.23	0.295602387379883
6.24	0.2931586341676795
6.25	0.29073385180033795
6.26	0.2883282841862862
6.27	0.28594187513398145
6.28	0.2835744786903422
6.29	0.2812259487473603
6.3	0.2788961436501389
6.31	0.2765847550866827
6.32	0.2742914824532989
6.33	0.27201652141362903
6.34	0.2697597321127819
6.35	0.26752097572092515
6.36	0.265300114434124
6.37	0.26309701145925485
6.38	0.2609114201609165
6.39	0.25874300141626333
6.4	0.256591948181725
6.41	0.25445812744819885
6.42	0.25234140718565684
6.43	0.2502416563359735
6.44	0.2481587448058433
6.45	0.24609254345963216
6.46	0.24404275908382225
6.47	0.24200923400220664
6.48	0.23999204762091433
6.49	0.23799107439055375
6.5	0.2360061896874648
6.51	0.23403726980696274
6.52	0.232084191956651
6.53	0.2301468342497928
6.54	0.22822507569831144
6.55	0.22631859919893443
6.56	0.2244273847122467
6.57	0.2225514206453934
6.58	0.22069058938600367
6.59	0.2188447741906586
6.6	0.21701385917855318
6.61	0.21519772932522513
6.62	0.213396270456308
6.63	0.21160936924135565
6.64	0.2098369131877002
6.65	0.2080786942870526
6.66	0.20633456266574435
6.67	0.20460455126204039
6.68	0.20288855073738066
6.69	0.20118645256294237
6.7	0.19949814901376448
6.71	0.19782353316291798
6.72	0.1961624988757305
6.73	0.19451494080403822
6.74	0.19288075438061597
6.75	0.19125983581308634
6.76	0.18965208207889347
6.77	0.18805739091946946
6.78	0.1864755401284601
6.79	0.18490650945046963
6.8	0.1833502451601135
6.81	0.1818066478856372
6.82	0.18027561899374703
6.83	0.17875706058430302
6.84	0.1772508754849586
6.85	0.1757569672459631
6.86	0.17427524013490373
6.87	0.1728055991315246
6.88	0.17134794992257665
6.89	0.16990219889672767
6.9	0.168468253140368
6.91	0.16704602042919775
6.92	0.16563540922769143
6.93	0.16423632868214588
6.94	0.16284868861547847
6.95	0.16147239952267156
6.96	0.16010733948071917
6.97	0.15875340303340063
6.98	0.15741055737475254
6.99	0.1560787155514069
7.	0.15475779125948422
7.01	0.15344769883989745
7.02	0.15214835327405238
7.03	0.1508596701785942
7.04	0.14958156580127968
7.05	0.14831395701631817
7.06	0.147056761319859
7.07	0.14580989682549766
7.08	0.14457328225983374
7.09	0.14334683695805417
7.1	0.14213048085954863
7.11	0.14092413450355437
7.12	0.13972771902484277
7.13	0.1385411561494305
7.14	0.1373643681903223
7.15	0.13619727804328893
7.16	0.1350398091826733
7.17	0.13389188565722845
7.18	0.1327534320859856
7.19	0.13162437365415305
7.2	0.13050463610904267
7.21	0.1293941457560323
7.22	0.12829282945453946
7.23	0.12720061461402962
7.24	0.12611742919005597
7.25	0.1250432016803679
7.26	0.12397786112085231
7.27	0.12292133708179702
7.28	0.12187355966407021
7.29	0.12083445949520044
7.3	0.11980396772561858
7.31	0.11878201602489327
7.32	0.11776853657799323
7.33	0.11676346208157834
7.34	0.11576672574031319
7.35	0.11477826126321518
7.36	0.11379800286001143
7.37	0.11282588523754071
7.38	0.11186184359618868
7.39	0.1109058136263169
7.4	0.10995773150474183
7.41	0.1090175338912356
7.42	0.1080851579250469
7.43	0.10716054122144929
7.44	0.1062436218683136
7.45	0.10533433842270881
7.46	0.10443262990752297
7.47	0.10353843580810512
7.48	0.10265169606901146
7.49	0.10177235109075367
7.5	0.10090034172554532
7.51	0.10003560927590109
7.52	0.09917809549000917
7.53	0.09832773062646244
7.54	0.09748442554678727
7.55	0.09664816603714503
7.56	0.09581889563306718
7.57	0.09499655829964035
7.58	0.09418109845817449
7.59	0.09337246088066223
7.6	0.09257059080972237
7.61	0.09177543390344602
7.62	0.09098693622835956
7.63	0.09020504426224135
7.64	0.0894297048911558
7.65	0.08866086540650693
7.66	0.08789847350211037
7.67	0.08714247727128697
7.68	0.0863928252039742
7.69	0.08564946618386064
7.7	0.0849123494855406
7.71	0.08418142477169976
7.72	0.08345664209028585
7.73	0.08273790982028915
7.74	0.0820251847355076
7.75	0.0813184537844631
7.76	0.08061766855222559
7.77	0.07992278099493878
7.78	0.07923374343713785
7.79	0.07855050856907972
7.8	0.07787302944410202
7.81	0.07720125947599539
7.82	0.07653515243638787
7.83	0.0758746624521495
7.84	0.0752197440028139
7.85	0.07457035191801563
7.86	0.07392644137495122
7.87	0.07328792118236127
7.88	0.07265475193520293
7.89	0.07202693184406507
7.9	0.07140441746865589
7.91	0.07078716570340508
7.92	0.0701751337750461
7.93	0.0695682792402041
7.94	0.06896655998299861
7.95	0.0683699342924429
7.96	0.06777836074683181
7.97	0.0671917978719751
7.98	0.06661020503577904
7.99	0.06603345173937798
8.	0.06546158308886726
8.01	0.06489456413283956
8.02	0.06433235530384758
8.03	0.0637749173408331
8.04	0.06322221128695486
8.05	0.06267419848722995
8.06	0.06213084058637114
8.07	0.06159209952681373
8.08	0.061057937546311475
8.09	0.060528236412966695
8.1	0.060003022169410336
8.11	0.05948227589161064
8.12	0.05896596098692979
8.13	0.05845404114720135
8.14	0.0579464803466467
8.15	0.05744324287390744
8.16	0.05694429329434142
8.17	0.05644959628444144
8.18	0.055959048523051794
8.19	0.055472651792521185
8.2	0.05499040430552479
8.21	0.05451227196266771
8.22	0.05403822093059923
8.23	0.05356821764006228
8.24	0.053102228783957116
8.25	0.0526402213154195
8.26	0.05218213490395117
8.27	0.051727890171661524
8.28	0.051277529866570956
8.29	0.05083102196873388
8.3	0.05038833470882836
8.31	0.04994943656631724
8.32	0.049514296267619294
8.33	0.04908288278429459
8.34	0.04865512121873185
8.35	0.048230966942418914
8.36	0.047810448562034646
8.37	0.04739353601498214
8.38	0.046980199474749365
8.39	0.046570409349171615
8.4	0.04616413627870566
8.41	0.04576134620119074
8.42	0.04536191750608164
8.43	0.04496591993682561
8.44	0.044573325049138274
8.45	0.04418410462276128
8.46	0.0437982306598196
8.47	0.04341567538316146
8.48	0.04303640638924253
8.49	0.04266030383346479
8.5	0.04228743875789968
8.51	0.04191778425269754
8.52	0.04155131362057661
8.53	0.04118800037525141
8.54	0.04082781823986812
8.55	0.04047070361530376
8.56	0.04011660445004603
8.57	0.03976555965915968
8.58	0.039417543787602816
8.59	0.03907253158200628
8.6	0.03873049798916868
8.61	0.03839141815455898
8.62	0.03805517005060147
8.63	0.03772182413517351
8.64	0.037391359473339436
8.65	0.03706375198920689
8.66	0.03673897779819566
8.67	0.036417013205613795
8.68	0.03609775420696549
8.69	0.0357812395931882
8.7	0.035467465522426966
8.71	0.035156409043299856
8.72	0.03484804752214537
8.73	0.034542358655795434
8.74	0.0342392342381168
8.75	0.03393872459706382
8.76	0.03364082142186413
8.77	0.03334550283516489
8.78	0.0330527470444881
8.79	0.032762521985212054
8.8	0.032474730616746925
8.81	0.03218943901036566
8.82	0.03190662613486128
8.83	0.03162627113830286
8.84	0.03134835333573146
8.85	0.031072802297502373
8.86	0.030799602197098354
8.87	0.030528779166534136
8.88	0.0302603131724267
8.89	0.02999418434215019
8.9	0.02973036450438399
8.91	0.029468756740238772
8.92	0.02920942842319124
8.93	0.028952360307353733
8.94	0.028697533301599982
8.95	0.02844492846839962
8.96	0.02819445268092435
8.97	0.02794614384435783
8.98	0.027700002226111062
8.99	0.027456009486854328
9.	0.02721414743511799
9.01	0.026974339558746785
9.02	0.026736594085460842
9.03	0.02650092655090277
9.04	0.026267319338943402
9.05	0.026035754975786304
9.06	0.025806162435340587
9.07	0.025578542571846698
9.08	0.025352914927454236
9.09	0.025129262581711026
9.1	0.02490756875117152
9.11	0.024687758077003658
9.12	0.024469843710989828
9.13	0.0242538392665907
9.14	0.02403972849254018
9.15	0.023827495269446615
9.16	0.023617051290624736
9.17	0.023408439256800345
9.18	0.02320165813670218
9.19	0.022996692322739366
9.2	0.02279351817278087
9.21	0.02259205140640048
9.22	0.022392354819551482
9.23	0.022194413300666436
9.24	0.02199821186127805
9.25	0.02180369806038462
9.26	0.021610848901327535
9.27	0.021419696515449893
9.28	0.021230226391292125
9.29	0.021042424135866822
9.3	0.02085620287616059
9.31	0.02067161215721346
9.32	0.020488647749570717
9.33	0.020307295718938377
9.34	0.02012751031746815
9.35	0.01994926124749896
9.36	0.01977258434683004
9.37	0.019597466125682122
9.38	0.01942389320483828
9.39	0.019251774627096336
9.4	0.01908117437413729
9.41	0.018912080689553686
9.42	0.018744480477792293
9.43	0.018578311977426428
9.44	0.01841358383624242
9.45	0.018250312137456176
9.46	0.018088484343464304
9.47	0.017928060874322596
9.48	0.017769007604318775
9.49	0.017611362129049957
9.5	0.017455112312283576
9.51	0.01730023587311591
9.52	0.017146666516712074
9.53	0.016994457885442727
9.54	0.01684359823200842
9.55	0.016694075906103157
9.56	0.016545807496868698
9.57	0.016398852553577724
9.58	0.016253201423572856
9.59	0.016108842830472245
9.6	0.015965702505174026
9.61	0.015823824116742095
9.62	0.015683205845193348
9.63	0.01554383677646124
9.64	0.015405647717594294
9.65	0.015268674579630326
9.66	0.015132919283826898
9.67	0.014998371267182925
9.68	0.014864962731353694
9.69	0.01473272918028925
9.7	0.014601672573324948
9.71	0.014471782687610412
9.72	0.014342989796744013
9.73	0.014215335627908275
9.74	0.014088818838160851
9.75	0.01396342953421994
9.76	0.013839093074018762
9.77	0.013715863365539314
9.78	0.01359373276192809
9.79	0.013472684395486456
9.8	0.013352657914605336
9.81	0.01323370285693012
9.82	0.013115809879757018
9.83	0.012998950741881921
9.84	0.012883090165834601
9.85	0.01276826489671852
9.86	0.01265446589393282
9.87	0.012541651425544365
9.88	0.012429815498456703
9.89	0.012318979943217958
9.9	0.012209136011903302
9.91	0.012100226619666346
9.92	0.011992278756074585
9.93	0.011885297472917366
9.94	0.011779269213366143
9.95	0.011674135191758356
9.96	0.011569943325686009
9.97	0.011466685355947305
9.98	0.011364327926361408
9.99	0.011262854089913068
10.	0.011162290528775798
10.01	0.011062629251963284
10.02	0.010963815907411443
10.03	0.010865877749127395
10.04	0.010768819032301454
10.05	0.010672620398431873
10.06	0.01057724037578535
10.07	0.010482717517052313
10.08	0.010389044278979725
10.09	0.010296177062619694
10.1	0.010204125041476723
10.11	0.010112901098478073
10.12	0.010022491623348246
10.13	0.00993284705872637
10.14	0.009844009563533795
10.15	0.009755971930520574
10.16	0.009668693361474636
10.17	0.009582181337232093
10.18	0.00949644902604557
10.19	0.009411481192933554
10.2	0.009327234354087844
10.21	0.00924374733992748
10.22	0.00916101343102107
10.23	0.009078989068980463
10.24	0.008997689997907485
10.25	0.008917124877329324
10.26	0.008837271965143704
10.27	0.008758104578151191
10.28	0.008679652462733053
10.29	0.008601909278053299
10.3	0.008524823082755229
10.31	0.008448429599057079
10.32	0.008372726986427641
10.33	0.008297681824819053
10.34	0.008223293973929046
10.35	0.00814957938367067
10.36	0.008076521318436473
10.37	0.008004087441649389
10.38	0.007932309653332189
10.39	0.007861182117125408
10.4	0.0077906559168664695
10.41	0.007720765006115187
10.42	0.007651507745931653
10.43	0.007582849270989907
10.44	0.007514796577119183
10.45	0.007447361346017124
10.46	0.007380521231264296
10.47	0.007314259325722395
10.48	0.007248599098794108
10.49	0.007183529282435764
10.5	0.007119011938036582
10.51	0.007055080881884545
10.52	0.006991730875136465
10.53	0.0069289167318623245
10.54	0.006866670174838431
10.55	0.00680498978983478
10.56	0.0067438395640849035
10.57	0.006683233967266716
10.58	0.006623180036794447
10.59	0.006563649740426686
10.6	0.006504642669321893
10.61	0.006446173121510016
10.62	0.006388219927511193
10.63	0.006330770024440648
10.64	0.006273843855356966
10.65	0.006217426067106315
10.66	0.006161493024274185
10.67	0.0061060702712110795
10.68	0.006051147292567532
10.69	0.005996691825801141
10.7	0.00594273354122558
10.71	0.005889265847416697
10.72	0.005836249670563149
10.73	0.005783717896717807
10.74	0.0057316661647969
10.75	0.005680052805968963
10.76	0.005628910550106663
10.77	0.005578235985164756
10.78	0.00552799040861258
10.79	0.005478201618848672
10.8	0.005428868478916575
10.81	0.00537995450955301
10.82	0.0053314840513188555
10.83	0.005283457504144735
10.84	0.005235839921503538
10.85	0.005188653556573587
10.86	0.005141899659967665
10.87	0.0050955441724890825
10.88	0.005049608528105074
10.89	0.005004094194672684
10.9	0.004958967416514552
10.91	0.004914249976968576
10.92	0.004869942972787332
10.93	0.004826012398774812
10.94	0.00478248147486134
10.95	0.0047393503844440675
10.96	0.004696584367140812
10.97	0.004654209077757494
10.98	0.0046122232869956524
10.99	0.004570591014068162
11.	0.004529341265967275
11.01	0.004488468942165703
11.02	0.0044479424184195645
11.03	0.0044077888890584884
11.04	0.004368000201925069
11.05	0.004328550971409337
11.06	0.0042894650796497825
11.07	0.004250731352944885
11.08	0.0042123313292469254
11.09	0.004174285230846761
11.1	0.004136578545632599
11.11	0.004099200356520842
11.12	0.004062166916972525
11.13	0.004025460091002055
11.14	0.0039890770640185055
11.15	0.003953029842734055
11.16	0.003917296411035864
11.17	0.0038818825559400034
11.18	0.0038467957888000657
11.19	0.003812009984452921
11.2	0.0037775399759557523
11.21	0.003743388558454004
11.22	0.00370952529542911
11.23	0.0036759744571731785
11.24	0.0036427295265390285
11.25	0.0036097687813181423
11.26	0.0035771130681887383
11.27	0.0035447498922659315
11.28	0.003512668781404344
11.29	0.0034808847649845398
11.3	0.0034493799965110167
11.31	0.0034181554908733385
11.32	0.0033872203435359976
11.33	0.0033565512519792267
11.34	0.003326160913265517
11.35	0.003296051898810144
11.36	0.003266196846548659
11.37	0.003236618811894837
11.38	0.0032073085227297135
11.39	0.0031782516988701397
11.4	0.003149464666748824
11.41	0.003120931947664273
11.42	0.003092652414135384
11.43	0.0030646356308607747
11.44	0.003036859890861915
11.45	0.003009337250063162
11.46	0.002982068815889061
11.47	0.002955031666776556
11.48	0.0029282460374221294
11.49	0.0029017010987073617
11.5	0.002875388175649534
11.51	0.0028493201957558016
11.52	0.0028234795836056983
11.53	0.002797871852665312
11.54	0.002772502655851468
11.55	0.002747347707381128
11.56	0.002722426624498581
11.57	0.0026977311938094265
11.58	0.0026732503751207763
11.59	0.0026489978737644134
11.6	0.002624957776454603
11.61	0.002601133922634112
11.62	0.0025775324017571
11.63	0.0025541302689329093
11.64	0.002530946079838981
11.65	0.002507971487255047
11.66	0.0024851973134989236
11.67	0.002462635935076668
11.68	0.0024402710823538272
11.69	0.0024181088873111082
11.7	0.0023961526359998057
11.71	0.0023743826229081257
11.72	0.002352816268253691
11.73	0.0023314427788373245
11.74	0.00231025823752253
11.75	0.0022892720016258958
11.76	0.0022684658223707565
11.77	0.0022478513002739324
11.78	0.0022274252883914174
11.79	0.0022071759549267297
11.8	0.0021871163987987998
11.81	0.0021672325920041547
11.82	0.0021475285573901264
11.83	0.0021280080782590553
11.84	0.0021086533212700573
11.85	0.0020894801726405233
11.86	0.0020704779022991714
11.87	0.002051644830858507
11.88	0.002032988596963552
11.89	0.0020144907130535323
11.9	0.00199616537784286
11.91	0.001978005613921217
11.92	0.00196000551725046
11.93	0.0019421746186782587
11.94	0.0019244969871730078
11.95	0.0019069826563041345
11.96	0.0018896280947545941
11.97	0.0018724247641390289
11.98	0.0018553833300276549
11.99	0.001838489556789227
12.	0.001821750867096158
12.01	0.0018051658534354968
12.02	0.0017887245811217618
12.03	0.0017724382121590812
12.04	0.0017562935853567322
12.05	0.0017402967193769245
12.06	0.0017244471509858855
12.07	0.001708734734787098
12.08	0.001693170526717806
12.09	0.0016777418694358078
12.1	0.001662454498496028
12.11	0.0016473078535784546
12.12	0.001632292463145041
12.13	0.0016174188637277276
12.14	0.0016026744614014786
12.15	0.0015880656039710397
12.16	0.0015735907267084514
12.17	0.0015592419494831248
12.18	0.0015450288217189138
12.19	0.0015309383759010324
12.2	0.0015169784004245524
12.21	0.0015031455365543643
12.22	0.0014894342495398462
12.23	0.0014758527300061744
12.24	0.0014623872684934797
12.25	0.0014490478097861253
12.26	0.0014358285202241208
12.27	0.0014227268517561387
12.28	0.0014097492282263767
12.29	0.00139688115423973
12.3	0.001384135068878126
12.31	0.0013715021719096976
12.32	0.001358983448948651
12.33	0.0013465815129640845
12.34	0.0013342861384045026
12.35	0.001322107450981709
12.36	0.0013100349673901455
12.37	0.0012980736648360793
12.38	0.0012862219098823855
12.39	0.00127447415159534
12.4	0.001262838004150196
12.41	0.0012513011007828686
12.42	0.0012398727919809538
12.43	0.0012285468404045104
12.44	0.0012173226967832813
12.45	0.0012062038363085052
12.46	0.0011951802488459813
12.47	0.0011842615611669964
12.48	0.0011734381126862633
12.49	0.0011627146161417377
12.5	0.001152089084627833
12.51	0.0011415573268300032
12.52	0.001131125894966988
12.53	0.001120782679572879
12.54	0.0011105378531785497
12.55	0.0011003837867460925
12.56	0.0010903222633558182
12.57	0.0010803538844874287
12.58	0.0010704724196171182
12.59	0.0010606852350501397
12.6	0.001050981736596555
12.61	0.0010413697846775659
12.62	0.001031843747271468
12.63	0.0010224039245176938
12.64	0.0010130521008295168
12.65	0.001003781358271222
12.66	0.0009945992017679707
12.67	0.000985495838194558
12.68	0.0009764782139747877
12.69	0.0009675414627857616
12.7	0.0009586855061746697
12.71	0.0009499121452487031
12.72	0.0009412149274173755
12.73	0.0009326009495697491
12.74	0.0009240607540335105
12.75	0.0009156012737588352
12.76	0.0009072172849829009
12.77	0.0008989095618830038
12.78	0.0008906789216898007
12.79	0.0008825202635522419
12.8	0.0008744398104682501
12.81	0.0008664279281526127
12.82	0.0008584925315424422
12.83	0.0008506272030492166
12.84	0.0008428342879823678
12.85	0.0008351128318218885
12.86	0.0008274598686688143
12.87	0.000819879652532797
12.88	0.0008123641561713518
12.89	0.0008049208459923103
12.9	0.0007975421250610717
12.91	0.0007902325798304642
12.92	0.000782988840254099
12.93	0.0007758106832193882
12.94	0.0007686994553854567
12.95	0.0007616503516355079
12.96	0.0007546690552777471
12.97	0.0007477468669441141
12.98	0.0007408911447045713
12.99	0.0007340955958446496
13.	0.0007273632147174427
13.01	0.0007206919883437172
13.02	0.0007140807546569647
13.03	0.0007075315762562107
13.04	0.0007010393349831497
13.05	0.0006946096680097763
13.06	0.0006882346058154249
13.07	0.0006819207187396036
13.08	0.0006756622954992812
13.09	0.0006694621274489468
13.1	0.0006633182091990627
13.11	0.0006572297356303629
13.12	0.0006511982275162056
13.13	0.0006452194595769192
13.14	0.0006392983051321543
13.15	0.0006334272890024256
13.16	0.0006276129982299468
13.17	0.0006218492858691043
13.18	0.0006161398328702405
13.19	0.0006104815828586783
13.2	0.0006048750992555897
13.21	0.0005993203822197434
13.22	0.0005938150326860431
13.23	0.0005883619545667564
13.24	0.0005829559363998166
13.25	0.0005776022508079588
13.26	0.000572294179861417
13.27	0.0005670371350476607
13.28	0.0005618261975437596
13.29	0.000556664069577088
13.3	0.0005515484884684148
13.31	0.0005464795837869395
13.32	0.0005414576145775251
13.33	0.0005364802695272745
13.34	0.0005315501996736758
13.35	0.0005266627799842867
13.36	0.0005218227848096735
13.37	0.0005170238285777887
13.38	0.0005122713189970847
13.39	0.0005075601878781833
13.4	0.0005028936012976392
13.41	0.0004982686885428659
13.42	0.0004936864899866542
13.43	0.0004891462182716094
13.44	0.00048464689919194544
13.45	0.00048018971894964874
13.46	0.00047577179936341015
13.47	0.00047139619283540944
13.48	0.0004670582175518166
13.49	0.0004627624535510386
13.5	0.00045850323076179143
13.51	0.0004542852373269375
13.52	0.0004501039700600787
13.53	0.0004459623561061517
13.54	0.00044185761816565927
13.55	0.0004377910172213972
13.56	0.00043376140852159276
13.57	0.00042976847829744497
13.58	0.00042581262438342357
13.59	0.0004218920463471447
13.6	0.00041800859792412545
13.61	0.0004141590768837445
13.62	0.0004103467093550057
13.63	0.0004065669730491497
13.64	0.00040282413443680146
13.65	0.0003991131847582635
13.66	0.0003954382290878915
13.67	0.00039179520785828295
13.68	0.00038818691886389675
13.69	0.0003846105833032838
13.7	0.0003810677662689365
13.71	0.0003775568963438433
13.72	0.00037407837772500657
13.73	0.00037063177573087066
13.74	0.0003672164027825379
13.75	0.00036383289293409203
13.76	0.0003604795333453071
13.77	0.0003571579613741525
13.78	0.0003538655029088977
13.79	0.0003506047356688065
13.8	0.0003473720858132507
13.81	0.00034417101089264475
13.82	0.0003409970965085489
13.83	0.0003378542916026299
13.84	0.00033473838883434683
13.85	0.0003316527138696731
13.86	0.0003285938553117045
13.87	0.00032556428449733853
13.88	0.00032256142644805327
13.89	0.00031958695219988097
13.9	0.000316639070054606
13.91	0.00031371870267518116
13.92	0.00031082479057598984
13.93	0.00030795755793999307
13.94	0.00030511662843207957
13.95	0.00030230157567731326
13.96	0.00029951265937156916
13.97	0.00029674884859530486
13.98	0.00029401099383719883
13.99	0.000291297503797881
14.	0.0002886097763424185
14.01	0.00028594570216657663
14.02	0.0002833071848592564
14.03	0.0002806916377535604
14.04	0.00027810143021722567
14.05	0.0002755335371855763
14.06	0.00027299075551302484
14.07	0.00027046965764671667
14.08	0.00026797340071866774
14.09	0.0002654982906208842
14.1	0.000263047547509401
14.11	0.0002606177584958591
14.12	0.00025821170834385796
14.13	0.00025582641251835667
14.14	0.0002534642512135384
14.15	0.0002511226315302396
14.16	0.0002488035662313281
14.17	0.0002465048249291941
14.18	0.0002442280803168543
14.19	0.000241971432772685
14.2	0.00023973624613015385
14.21	0.00023752092207241751
14.22	0.00023532654426344654
14.23	0.0002331517875094329
14.24	0.00023099748273896185
14.25	0.00022886255093676296
14.26	0.00022674759651578467
14.27	0.0002246517608910093
14.28	0.00022257544700556993
14.29	0.00022051799211280807
14.3	0.00021847962159705559
14.31	0.0002164598450757793
14.32	0.00021445873318894922
14.33	0.00021247594552399737
14.34	0.00021051141973135246
14.35	0.0002085649440178009
14.36	0.00020663634377538336
14.37	0.00020472551548772288
14.38	0.00020283219203088413
14.39	0.00020095635879645998
14.4	0.0001990976749320925
14.41	0.0001972561963086924
14.42	0.0001954315262110997
14.43	0.00019362377346864186
14.44	0.0001918325024789855
14.45	0.00019005785838521085
14.46	0.00018829938281447262
14.47	0.00018655724142457603
14.48	0.00018483096835996646
14.49	0.000183120734810091
14.5	0.00018142608192485134
14.51	0.00017974717222937983
14.52	0.00017808356759590772
14.53	0.00017643540844845384
14.54	0.00017480229035471626
14.55	0.00017318431893282132
14.56	0.0001715811357019756
14.57	0.0001699927994753255
14.58	0.0001684190092884926
14.59	0.00016685976583069955
14.6	0.0001653148365528517
14.61	0.00016378415335666904
14.62	0.00016226756236556694
14.63	0.0001607649166615212
14.64	0.000159276150679617
14.65	0.000157801029257866
14.66	0.00015633958418719866
14.67	0.00015489148322287075
14.68	0.00015345686398281506
14.69	0.00015203528886423848
14.7	0.00015062700923203535
14.71	0.00014923147439231872
14.72	0.00014784905684646994
14.73	0.00014647908559809557
14.74	0.00014512206116446178
14.75	0.00014377718553691498
14.76	0.00014244509363752023
14.77	0.00014112485421790928
14.78	0.00013981724252240478
14.79	0.00013852118829899547
14.8	0.00013723761257872073
14.81	0.0001359653007873409
14.82	0.00013470532477194278
14.83	0.00013345632074520327
14.84	0.00013221951598177973
14.85	0.00013099339300105893
14.86	0.0001297793387157593
14.87	0.00012857567786590397
14.88	0.0001273839608279719
14.89	0.00012620235085464854
14.9	0.00012503248374210512
14.91	0.0001238726024125079
14.92	0.00012272416780656105
14.93	0.00012158563764630892
14.94	0.00012045824313776982
14.95	0.00011934067606060431
14.96	0.0001182339364159821
14.97	0.00011713695129852838
14.98	0.00011605048832889986
14.99	0.00011497371088728003
15.	0.00011390715331955314
15.01	0.00011285021598817216
15.02	0.00011180319933871367
15.03	0.00011076574115116179
15.04	0.00010973790760172603
15.05	0.0001087195740737796
15.06	0.00010771057234971657
15.07	0.00010671101536438537
15.08	0.00010572050061506948
15.09	0.00010473937830966035
15.1	0.00010376701199111527
15.11	0.00010280398864628686
15.12	0.00010184943840595739
15.13	0.00010090418433670891
15.14	0.0000999671239003003
15.15	0.00009903931534887239
15.16	0.00009811942440951529
15.17	0.00009720867570159012
15.18	0.0000963057075488857
15.19	0.00009541164697290057
15.2	0.000094525352403528
15.21	0.00009364767432323602
15.22	0.00009277774932198975
15.23	0.00009191615369055833
15.24	0.00009106229971308771
15.25	0.00009021649197172015
15.26	0.00008937841584689587
15.27	0.00008854810682370763
15.28	0.0000877255206582963
15.29	0.00008691042647048702
15.3	0.00008610304755545346
15.31	0.00008530288951255356
15.32	0.00008451044023086976
15.33	0.00008372494473987792
15.34	0.00008294715247599216
15.35	0.00008217605094826673
15.36	0.00008141261300695073
15.37	0.0000806556767590165
15.38	0.00007990622929246748
15.39	0.00007916330044179295
15.4	0.00007842758715976391
15.41	0.00007769840974069248
15.42	0.00007697617904088312
15.43	0.00007626050170341848
15.44	0.0000755515065858445
15.45	0.0000748490825135189
15.46	0.00007415308049645758
15.47	0.00007346366732563884
15.48	0.00007278042036309437
15.49	0.00007210378010371308
15.5	0.00007143305450440421
15.51	0.0000707689534620786
15.52	0.0000701105198099008
15.53	0.00006945863042450409
15.54	0.00006881236158534499
15.55	0.0000681724196159081
15.56	0.00006753813340094219
15.57	0.00006690991993403918
15.58	0.00006628739694224871
15.59	0.00006567069706942001
15.6	0.00006505972186370977
15.61	0.00006445432460834251
15.62	0.00006385468564488385
15.63	0.00006326038389039118
15.64	0.00006267187344920847
15.65	0.00006208846386853377
15.66	0.00006151085269556909
15.67	0.000060938160971715014
15.68	0.0000603711367044859
15.69	0.00005980907896991632
15.7	0.000059252447588293836
15.71	0.00005870082884163479
15.72	0.00005815439987560495
15.73	0.00005761302864374347
15.74	0.000057076615108566174
15.75	0.000056545303383676174
15.76	0.000056018721716234076
15.77	0.00005549728489391657
15.78	0.00005498035489021965
15.79	0.000054468562752867364
15.8	0.00005396115646256425
15.81	0.000053458745504503754
15.82	0.0000529607747858027
15.83	0.000052467573050657475
15.84	0.00005197886461518247
15.85	0.00005149470329353816
15.86	0.000051015086992991
15.87	0.000050539800364922644
15.88	0.000050069109134964735
15.89	0.000049602534513606706
15.9	0.00004914059716213965
15.91	0.00004868258199487708
15.92	0.00004822911251476844
15.93	0.00004777962496196834
15.94	0.000047334468111560404
15.95	0.000046893351359466105
15.96	0.00004645635473863128
15.97	0.00004602345481862092
15.98	0.000045594468816866124
15.99	0.000045169634554545994
16.	0.000044748512300059334
16.01	0.00004433157566993459
16.02	0.00004391819257486972
16.03	0.00004350889933644246
16.04	0.00004310322236260573
16.05	0.00004270143236508393
16.06	0.00004230331962275162
16.07	0.000041908895281102785
16.08	0.000041518207458205127
16.09	0.00004113101370630476
16.1	0.000040747614022251604
16.11	0.000040367518266871423
16.12	0.00003999120063534783
16.13	0.00003961814450282794
16.14	0.00003924872597393375
16.15	0.00003888263277913506
16.16	0.00003851998682701081
16.17	0.000038160728198381925
16.18	0.000037804730613962836
16.19	0.00003745218051504555
16.2	0.000037102709363732005
16.21	0.0000367567118178313
16.22	0.00003641367963139141
16.23	0.0000360740256482903
16.24	0.00003573740241621585
16.25	0.00003540397564070277
16.26	0.000035073643081220526
16.27	0.00003474632928899374
16.28	0.000034422171274143634
16.29	0.00003410085833288067
16.3	0.00003378273911002069
16.31	0.00003346733868098634
16.32	0.00003315505217033003
16.33	0.00003284555033533564
16.34	0.00003253898953527701
16.35	0.00003223527731720381
16.36	0.0000319343371860789
16.37	0.00003163630759429368
16.38	0.00003134088501459641
16.39	0.00003104839889743615
16.4	0.00003075842675245484
16.41	0.000030471303591909784
16.42	0.00003018675990146272
16.43	0.000029904901298192394
16.44	0.0000296256856652845
16.45	0.00002934899502266602
16.46	0.00002907500888233581
16.47	0.00002880339137352098
16.48	0.000028534473865523943
16.49	0.000028267900495460824
16.5	0.000028003913978763955
16.51	0.000027742336005580953
16.52	0.000027483189992179535
16.53	0.000027226514930396096
16.54	0.000026972120590386444
16.55	0.000026720254824609217
16.56	0.00002647052777527842
16.57	0.000026223280552665446
16.58	0.000025978236805882467
16.59	0.00002573552336092446
16.6	0.000025495076139214666
16.61	0.000025256813259759222
16.62	0.00002502087737216805
16.63	0.000024786983371230033
16.64	0.000024555414437081246
16.65	0.00002432586987260571
16.66	0.000024098547409321484
16.67	0.000023873311940807098
16.68	0.000023650157999004873
16.69	0.00002342915169788409
16.7	0.000023210089757078756
16.71	0.000022993205340135874
16.72	0.00002277818910012245
16.73	0.0000225652820366315
16.74	0.000022354305258302383
16.75	0.0000221453025290169
16.76	0.000021938290224273815
16.77	0.00002173312014865252
16.78	0.00002152998944858786
16.79	0.000021328590914733072
16.8	0.000021129185488651762
16.81	0.00002093157348545798
16.82	0.00002073582493262474
16.83	0.00002054192911008218
16.84	0.000020349770284010104
16.85	0.000020159521479288043
16.86	0.000019970886567342408
16.87	0.000019784126916559225
16.88	0.000019599041282369663
16.89	0.000019415706711434866
16.9	0.00001923410435905779
16.91	0.00001905413196899492
16.92	0.00001887594811340312
16.93	0.000018699276158858363
16.94	0.00001852436065130456
16.95	0.000018351015072186037
16.96	0.000018179307526971678
16.97	0.000018009226779457338
16.98	0.00001784066827669269
16.99	0.000017673785257495653
17.	0.000017508324289641733
17.01	0.00001734450208610854
17.02	0.00001718215913236548
17.03	0.000017021341520731686
17.04	0.000016862058509163194
17.05	0.000016704190297181145
17.06	0.000016547891367242745
17.07	0.000016392937231248446
17.08	0.000016239505066475342
17.09	0.000016087473180840685
17.1	0.000015936855114640455
17.11	0.000015787691008802136
17.12	0.000015639835341017204
17.13	0.000015493449507438682
17.14	0.000015348341525629344
17.15	0.000015204640693733627
17.16	0.000015062271363718918
17.17	0.000014921206199310574
17.18	0.000014781524430860735
17.19	0.000014643046505202831
17.2	0.000014505945288609076
17.21	0.000014370063921949454
17.22	0.000014235477453093599
17.23	0.000014102162556259397
17.24	0.000013970044622778867
17.25	0.000013839239991384019
17.26	0.000013709553516137136
17.27	0.000013581148257248191
17.28	0.00001345391256741047
17.29	0.000013327862583624746
17.3	0.000013203031895330695
17.31	0.000013079293898860933
17.32	0.000012956786027789231
17.33	0.000012835354770254757
17.34	0.000012715094107368807
17.35	0.000012595959374162944
17.36	0.000012477904612919758
17.37	0.000012361023342518555
17.38	0.000012245134059040917
17.39	0.000012130396885008837
17.4	0.000012016700497327973
17.41	0.000011904068003710298
17.42	0.000011792523488327365
17.43	0.000011681956983095425
17.44	0.000011572489674143412
17.45	0.000011463985575790553
17.46	0.00001135652636732252
17.47	0.000011250076975776314
17.48	0.000011144588946827
17.49	0.000011040149526127871
17.5	0.000010936602699920633
17.51	0.000010834079228187983
17.52	0.000010732494290643514
17.53	0.000010631851536951582
17.54	0.000010532191734666676
17.55	0.0000104333951153947
17.56	0.00001033558074040135
17.57	0.000010238639941568914
17.58	0.000010142619971141933
17.59	0.000010047517284577498
17.6	9.953258718290819e-6
17.61	9.859937207034607e-6
17.62	9.767430124863827e-6
17.63	9.675820662480326e-6
17.64	9.585068567055192e-6
17.65	9.495139663882894e-6
17.66	9.406104712050653e-6
17.67	9.31783037684715e-6
17.68	9.230428894472729e-6
17.69	9.14383014486857e-6
17.7	9.05803208394652e-6
17.71	8.97307746779072e-6
17.72	8.888853332683846e-6
17.73	8.805466601524421e-6
17.74	8.722832817967442e-6
17.75	8.640975907683173e-6
17.76	8.559911821566803e-6
17.77	8.47955658702916e-6
17.78	8.400000250226137e-6
17.79	8.321151523109124e-6
17.8	8.243054781605639e-6
17.81	8.165704654411815e-6
17.82	8.089040651813663e-6
17.83	8.013138816823072e-6
17.84	7.937903328858364e-6
17.85	7.86339408386296e-6
17.86	7.789589288362256e-6
17.87	7.716447006766204e-6
17.88	7.64403185652112e-6
17.89	7.572245521639506e-6
17.9	7.501159028711291e-6
17.91	7.4307385269998665e-6
17.92	7.360956238348668e-6
17.93	7.2918676602718455e-6
17.94	7.223373778556949e-6
17.95	7.1555528569455495e-6
17.96	7.0883628616536355e-6
17.97	7.0217862632950945e-6
17.98	6.955871495467039e-6
17.99	6.890520423306197e-6
18.	6.82581510846373e-6
18.01	6.761708758891125e-6
18.02	6.698190632455225e-6
18.03	6.6353039259666945e-6
18.04	6.572952760906281e-6
18.05	6.511219973087519e-6
18.06	6.4500570257845996e-6
18.07	6.389456911811275e-6
18.08	6.329459208702396e-6
18.09	6.269971488253578e-6
18.1	6.211074716320605e-6
18.11	6.152721249371611e-6
18.12	6.0949051369030835e-6
18.13	6.0376637629124445e-6
18.14	5.980909176733615e-6
18.15	5.924718176519149e-6
18.16	5.869046306959574e-6
18.17	5.813886337414815e-6
18.18	5.759274708863439e-6
18.19	5.705128823719355e-6
18.2	5.651519330266002e-6
18.21	5.598406944046355e-6
18.22	5.545781128718346e-6
18.23	5.493678472875393e-6
18.24	5.442022469808419e-6
18.25	5.390875922843557e-6
18.26	5.340206416783911e-6
18.27	5.289998367328285e-6
18.28	5.240289455634231e-6
18.29	5.19100987880041e-6
18.3	5.142213160827626e-6
18.31	5.093875196023882e-6
18.32	5.045973867326598e-6
18.33	4.998548760868328e-6
18.34	4.951537277515063e-6
18.35	4.904982463932341e-6
18.36	4.858869730106465e-6
18.37	4.813169174964753e-6
18.38	4.767922981641862e-6
18.39	4.7230761527488276e-6
18.4	4.678660273451693e-6
18.41	4.634671263774292e-6
18.42	4.591070398856058e-6
18.43	4.547903041710373e-6
18.44	4.505122102825314e-6
18.45	4.462746914769775e-6
18.46	4.420784710693587e-6
18.47	4.379187093256599e-6
18.48	4.338003089450182e-6
18.49	4.297193741268892e-6
18.5	4.256765511488144e-6
18.51	4.21673757714928e-6
18.52	4.177051192022921e-6
18.53	4.137759441973928e-6
18.54	4.09883165023284e-6
18.55	4.060260948826513e-6
18.56	4.022073698745198e-6
18.57	3.984215990947351e-6
18.58	3.946729577155071e-6
18.59	3.909597381424236e-6
18.6	3.872798884059399e-6
18.61	3.8363662472264605e-6
18.62	3.8002551762724777e-6
18.63	3.7644911713857655e-6
18.64	3.7290725023685224e-6
18.65	3.693964801854132e-6
18.66	3.6592061803551724e-6
18.67	3.624761897286128e-6
18.68	3.590641180985216e-6
18.69	3.556857685944914e-6
18.7	3.5233631124622704e-6
18.71	3.4902016084176266e-6
18.72	3.4573478809946606e-6
18.73	3.424794965282431e-6
18.74	3.392565684579848e-6
18.75	3.360616290810969e-6
18.76	3.328978536574479e-6
18.77	3.297642586919028e-6
18.78	3.266585449418188e-6
18.79	3.2358371073862572e-6
18.8	3.205364054596789e-6
18.81	3.1751800507501035e-6
18.82	3.145292400216832e-6
18.83	3.115662325124225e-6
18.84	3.0863268883245827e-6
18.85	3.057262579682083e-6
18.86	3.028465540470397e-6
18.87	2.9999547966181905e-6
18.88	2.9716912877759395e-6
18.89	2.943703846136751e-6
18.9	2.9159837510912586e-6
18.91	2.8885099569409245e-6
18.92	2.8613093352444902e-6
18.93	2.834353308040163e-6
18.94	2.807651931550202e-6
18.95	2.781214448026983e-6
18.96	2.7550031048662463e-6
18.97	2.72905241447451e-6
18.98	2.703343936661253e-6
18.99	2.677869538612565e-6
19.	2.652648415217062e-6
19.01	2.6276489663182807e-6
19.02	2.602890779828624e-6
19.03	2.57837264069644e-6
19.04	2.5540688472351478e-6
19.05	2.530006723055519e-6
19.06	2.5061650553586166e-6
19.07	2.4825445820263005e-6
19.08	2.459158938691636e-6
19.09	2.4359751956014903e-6
19.1	2.413018818447667e-6
19.11	2.3902818019281984e-6
19.12	2.36774676670421e-6
19.13	2.345435803458931e-6
19.14	2.323326481078718e-6
19.15	2.3014250438088974e-6
19.16	2.279741338584418e-6
19.17	2.258242491812947e-6
19.18	2.2369568281166195e-6
19.19	2.215872588256546e-6
19.2	2.1949776166006953e-6
19.21	2.174290404284977e-6
19.22	2.1537885714636965e-6
19.23	2.1334810941545964e-6
19.24	2.1133748430068227e-6
19.25	2.093440088529324e-6
19.26	2.0737035787657057e-6
19.27	2.0541529449958593e-6
19.28	2.034778704245987e-6
19.29	2.015597100805022e-6
19.3	1.996586829198687e-6
19.31	1.977757334237946e-6
19.32	1.9591141701071636e-6
19.33	1.9406302801731084e-6
19.34	1.9223302072409773e-6
19.35	1.9042025332622589e-6
19.36	1.8862383714899404e-6
19.37	1.8684528284579318e-6
19.38	1.8508264835343348e-6
19.39	1.8333674297555896e-6
19.4	1.816081749900444e-6
19.41	1.7989431537899251e-6
19.42	1.7819749996337953e-6
19.43	1.7651675582105052e-6
19.44	1.7485108725915637e-6
19.45	1.7320198098639131e-6
19.46	1.7156774619743596e-6
19.47	1.69948913083451e-6
19.48	1.6834617402111314e-6
19.49	1.6675717001826573e-6
19.5	1.6518385492983714e-6
19.51	1.6362559697564565e-6
19.52	1.6208116209660496e-6
19.53	1.6055208471233433e-6
19.54	1.5903697241436434e-6
19.55	1.5753596506396364e-6
19.56	1.560498811160867e-6
19.57	1.5457672772303617e-6
19.58	1.5311792636157132e-6
19.59	1.5167330090367212e-6
19.6	1.502412778304066e-6
19.61	1.4882349531581636e-6
19.62	1.4741889317567845e-6
19.63	1.4602713767837396e-6
19.64	1.446492202954341e-6
19.65	1.432835399837911e-6
19.66	1.4193091941198732e-6
19.67	1.4059170753444154e-6
19.68	1.3926391610443116e-6
19.69	1.3794932973162042e-6
19.7	1.3664724301752229e-6
19.71	1.353567891430042e-6
19.72	1.3407916721505711e-6
19.73	1.32813183359758e-6
19.74	1.3155901680412766e-6
19.75	1.3031731965862872e-6
19.76	1.290864443447717e-6
19.77	1.2786754447594072e-6
19.78	1.2666055210328089e-6
19.79	1.2546402789470049e-6
19.8	1.2427940280316989e-6
19.81	1.2310589685541446e-6
19.82	1.2194301955822363e-6
19.83	1.207917052582023e-6
19.84	1.1965076296195152e-6
19.85	1.1852058620425354e-6
19.86	1.1740164584593617e-6
19.87	1.1629236970161199e-6
19.88	1.151939737530014e-6
19.89	1.1410624556320224e-6
19.9	1.1302801395028088e-6
19.91	1.1196050497026257e-6
19.92	1.109029785335341e-6
19.93	1.0985506801549562e-6
19.94	1.0881757732334022e-6
19.95	1.0778941976093205e-6
19.96	1.0677097753189909e-6
19.97	1.0576266089717594e-6
19.98	1.0476306215673828e-6
19.99	1.0377325941543064e-6
20.	1.0279310006767117e-6