0.001	31.591169631201268
0.011	9.430319743211305
0.021	6.757252825042651
0.031	5.50625124741984
0.041	4.74025819687933
0.051	4.207904680173846
0.061	3.809281952264277
0.071	3.4957141898308426
0.081	3.2402583431149954
0.091	3.026624240021018
0.101	2.844301107742866
0.111	2.686159662556319
0.121	2.547168542337348
0.131	2.4236604448573704
0.141	2.3128896980949656
0.151	2.212753618328838
0.161	2.1216104722210214
0.171	2.038156782113368
0.181	1.961342374683221
0.191	1.8903101676368226
0.201	1.824352601985122
0.211	1.7628795371573636
0.221	1.7053942040482895
0.231	1.6514749277473075
0.241	1.6007610505419858
0.251	1.552941958887775
0.261	1.5077484356811814
0.271	1.464945776346412
0.281	1.4243282582011663
0.291	1.3857146590968494
0.301	1.3489445975606749
0.311	1.3138755219239007
0.321	1.2803802164523517
0.331	1.2483447225562823
0.341	1.2176665956819066
0.351	1.1882534355282088
0.361	1.1600216402412225
0.371	1.1328953452520545
0.381	1.1068055151949139
0.391	1.0816891634152377
0.401	1.057488678359314
0.411	1.0341512399256576
0.421	1.011628311879683
0.431	0.9898751988567563
0.441	0.9688506584337756
0.451	0.9485165603350034
0.461	0.9288375861303924
0.471	0.9097809638433627
0.481	0.8913162327562376
0.491	0.8734150344216823
0.501	0.8560509264862495
0.511	0.8391992164303179
0.521	0.8228368127455116
0.531	0.8069420914207027
0.541	0.7914947759026632
0.551	0.7764758289468757
0.561	0.7618673549856294
0.571	0.7476525118206342
0.581	0.7338154306011466
0.591	0.7203411431802411
0.601	0.7072155160548788
0.611	0.6944251901927474
0.621	0.681957526132826
0.631	0.6698005538193319
0.641	0.6579429266917527
0.651	0.6463738796085037
0.661	0.6350831902295427
0.671	0.6240611435250145
0.681	0.613298499113538
0.691	0.6027864611658046
0.701	0.5925166506373315
0.711	0.5824810796190188
0.721	0.5726721276160615
0.731	0.5630825195851129
0.741	0.5537053055767375
0.751	0.5445338418453961
0.761	0.5355617733027125
0.771	0.5267830172017968
0.781	0.5181917479511233
0.791	0.5097823829660267
0.801	0.5015495694744455
0.811	0.4934881722012003
0.821	0.4855932618619762
0.831	0.4778601044043441
0.841	0.4702841509387154
0.851	0.4628610283071195
0.861	0.4555865302422041
0.871	0.44845660907292584
0.881	0.44146736793708297
0.891	0.4346150534641653
0.901	0.42789604889501875
0.911	0.42130686760755687
0.921	0.414844147020236
0.931	0.4085046428472741
0.941	0.4022852236816471
0.951	0.3961828658837697
0.961	0.3901946487554828
0.971	0.38431774998052093
0.981	0.3785494413140667
0.991	0.37288708450530045
1.001	0.36732812743804677
1.011	0.36187010047571594
1.021	0.35651061299774145
1.031	0.3512473501156361
1.041	0.3460780695576375
1.051	0.3410005987116893
1.061	0.3360128318172282
1.071	0.3311127272968977
1.081	0.32629830521992803
1.091	0.32156764488947726
1.101	0.31691888254674827
1.111	0.31235020918517914
1.121	0.3078598684684431
1.131	0.3034461547464075
1.141	0.2991074111635802
1.151	0.29484202785492397
1.161	0.2906484402242463
1.171	0.28652512730067436
1.181	0.28247061016900676
1.191	0.2784834504699959
1.201	0.27456224896685644
1.211	0.2707056441745231
1.221	0.2669123110483897
1.231	0.2631809597294613
1.241	0.259510334343029
1.251	0.2558992118481521
1.261	0.2523464009353897
1.271	0.24885074097037202
1.281	0.24541110098094185
1.291	0.24202637868572516
1.301	0.23869549956211267
1.311	0.23541741595174667
1.321	0.23219110620171501
1.331	0.22901557383975205
1.341	0.22588984678184282
1.351	0.22281297657071028
1.361	0.21978403764375243
1.371	0.21680212662906778
1.381	0.2138663616682869
1.391	0.21097588176498872
1.401	0.20812984615755006
1.411	0.2053274337153337
1.421	0.20256784235717828
1.431	0.19985028849120712
1.441	0.19717400647502106
1.451	0.1945382480953914
1.461	0.19194228206660954
1.471	0.18938539354669529
1.481	0.1868668836707039
1.491	0.18438606910040903
1.501	0.18194228158967582
1.511	0.1795348675648698
1.521	0.1771631877196803
1.531	0.1748266166237658
1.541	0.17252454234465786
1.551	0.17025636608238637
1.561	0.16802150181631387
1.571	0.16581937596369145
1.581	0.16364942704947044
1.591	0.1615111053869265
1.601	0.1594038727686716
1.611	0.15732720216765086
1.621	0.15528057744773716
1.631	0.15326349308355505
1.641	0.15127545388918237
1.651	0.14931597475539196
1.661	0.14738458039511226
1.671	0.14548080509679942
1.681	0.14360419248542539
1.691	0.14175429529080202
1.701	0.1399306751229705
1.711	0.1381329022543984
1.721	0.13636055540873807
1.731	0.1346132215559084
1.741	0.1328904957132749
1.751	0.13119198075270963
1.761	0.1295172872133232
1.771	0.12786603311966957
1.781	0.12623784380523176
1.791	0.124632351741005
1.801	0.12304919636900068
1.811	0.12148802394050308
1.821	0.11994848735891532
1.831	0.11843024602703914
1.841	0.11693296569863902
1.851	0.11545631833414643
1.861	0.11399998196036609
1.871	0.11256364053405159
1.881	0.11114698380922244
1.891	0.10974970720809997
1.901	0.10837151169554374
1.911	0.10701210365687529
1.921	0.1056711947789793
1.931	0.10434850193457766
1.941	0.10304374706957477
1.951	0.10175665709337661
1.961	0.10048696377209002
1.971	0.09923440362451112
1.981	0.09799871782081684
1.991	0.09677965208387433
2.001	0.09557695659308853
2.011	0.0943903858907088
2.021	0.09321969879052096
2.031	0.09206465828885015
2.041	0.09092503147780678
2.051	0.08980058946070638
2.061	0.08869110726959939
2.071	0.08759636378484718
2.081	0.08651614165668482
2.091	0.08545022722871044
2.101	0.08439841046324657
2.111	0.08336048486851699
2.121	0.08233624742758804
2.131	0.081325498529022
2.141	0.08032804189919443
2.151	0.07934368453622742
2.161	0.07837223664549235
2.171	0.0774135115766389
2.181	0.07646732576210576
2.191	0.07553349865707314
2.201	0.0746118526808151
2.211	0.07370221315941457
2.221	0.07280440826980192
2.231	0.07191826898508179
2.241	0.07104362902111196
2.251	0.07018032478430113
2.261	0.06932819532059159
2.271	0.06848708226559565
2.281	0.06765682979585402
2.291	0.066837284581187
2.301	0.06602829573810849
2.311	0.06522971478427568
2.321	0.06444139559394578
2.331	0.0636631943544149
2.341	0.06289496952341211
2.351	0.062136581787424455
2.361	0.061387894020928736
2.371	0.06064877124650669
2.381	0.059919080595820635
2.391	0.05919869127142791
2.401	0.05848747450941274
2.411	0.057785303542814366
2.421	0.057092053565832204
2.431	0.05640760169878741
2.441	0.05573182695382315
2.451	0.05506461020132397
2.461	0.05440583413703761
2.471	0.053755383249880766
2.481	0.0531131437904131
2.491	0.05247900373996208
2.501	0.05185285278038381
2.511	0.051234582264443336
2.521	0.05062408518680057
2.531	0.050021256155586245
2.541	0.049425991364554445
2.551	0.04883818856579754
2.561	0.04825774704301051
2.571	0.04768456758529114
2.581	0.04711855246146397
2.591	0.04655960539491534
2.601	0.04600763153892777
2.611	0.045462537452501804
2.621	0.04492423107665436
2.631	0.04439262171118206
2.641	0.043867619991879395
2.651	0.04334913786820088
2.661	0.0428370885813571
2.671	0.04233138664283495
2.681	0.04183194781333234
2.691	0.04133868908209791
2.701	0.04085152864666669
2.711	0.04037038589298312
2.721	0.03989518137590208
2.731	0.039425836800060336
2.741	0.03896227500110952
2.751	0.03850441992730314
2.761	0.038052196621429384
2.771	0.0376055312030826
2.781	0.03716435085126558
2.791	0.03672858378731593
2.801	0.036298159258148964
2.811	0.03587300751981079
2.821	0.03545305982133449
2.831	0.03503824838889326
2.841	0.03462850641024371
2.851	0.0342237680194537
2.861	0.03382396828190804
2.871	0.03342904317958681
2.881	0.03303892959660995
2.891	0.03265356530504304
2.901	0.032272888950958416
2.911	0.031896840040746485
2.921	0.03152535892767207
2.931	0.0311583867986704
2.941	0.030795865661378364
2.951	0.030437738331395434
2.961	0.030083948419770315
2.971	0.02973444032070803
2.981	0.029389159199493482
2.991	0.029048050980626666
3.001	0.028711062336165587
3.011	0.02837814067427239
3.021	0.02804923412795897
3.031	0.027724291544027512
3.041	0.02740326247220281
3.051	0.027086097154451726
3.061	0.026772746514486804
3.071	0.02646316214744981
3.081	0.02615729630977208
3.091	0.025855101909207815
3.101	0.025556532495037355
3.111	0.025261542248436623
3.121	0.02497008597300997
3.131	0.02468211908548283
3.141	0.024397597606551406
3.151	0.024116478151886177
3.161	0.023838717923286273
3.171	0.02356427469998191
3.181	0.023293106830081928
3.191	0.02302517322216382
3.201	0.02276043333700326
3.211	0.022498847179440905
3.221	0.022240375290383387
3.231	0.021984978738936387
3.241	0.021732619114666982
3.251	0.0214832585199931
3.261	0.021236859562697472
3.271	0.02099338534856392
3.281	0.020752799474133634
3.291	0.020515066019579253
3.301	0.020280149541694492
3.311	0.020048015066997264
3.321	0.019818628084944164
3.331	0.019591954541254307
3.341	0.019367960831340472
3.351	0.019146613793845604
3.361	0.018927880704282772
3.371	0.01871172926877678
3.381	0.018498127617905345
3.391	0.01828704430063832
3.401	0.01807844827837315
3.411	0.017872308919064554
3.421	0.01766859599144719
3.431	0.01746727965934921
3.441	0.017268330476095453
3.451	0.017071719378998353
3.461	0.016877417683935306
3.471	0.016685397080010704
3.481	0.016495629624301365
3.491	0.01630808773668371
3.501	0.016122744194741388
3.511	0.015939572128751803
3.521	0.015758545016750402
3.531	0.015579636679670989
3.541	0.015402821276561184
3.551	0.015228073299871333
3.561	0.01505536757081591
3.571	0.0148846792348059
3.581	0.014715983756951148
3.591	0.014549256917631348
3.601	0.014384474808134547
3.611	0.014221613826361973
3.621	0.014060650672598138
3.631	0.013901562345344952
3.641	0.013744326137218954
3.651	0.013588919630910452
3.661	0.013435320695203536
3.671	0.013283507481056039
3.681	0.0131334584177383
3.691	0.012985152209029861
3.701	0.01283856782947305
3.711	0.012693684520682542
3.721	0.01255048178770992
3.731	0.012408939395462414
3.741	0.012269037365174769
3.751	0.012130755970933549
3.761	0.0119940757362528
3.771	0.011858977430700449
3.781	0.011725442066574403
3.791	0.01159345089562768
3.801	0.011462985405841645
3.811	0.011334027318246726
3.821	0.011206558583789621
3.831	0.011080561380246465
3.841	0.010956018109181027
3.851	0.01083291139294732
3.861	0.010711224071735841
3.871	0.010590939200662813
3.881	0.010472040046901618
3.891	0.010354510086855853
3.901	0.01023833300337332
3.911	0.010123492683000205
3.921	0.01000997321327495
3.931	0.009897758880061034
3.941	0.009786834164918198
3.951	0.009677183742511345
3.961	0.009568792478056636
3.971	0.009461645424804146
3.981	0.00935572782155652
3.991	0.009251025090223011
4.001	0.009147522833408434
4.011	0.009045206832036405
4.021	0.008944063043006347
4.031	0.008844077596883793
4.041	0.008745236795623357
4.051	0.008647527110324014
4.061	0.008550935179015983
4.071	0.008455447804478943
4.081	0.008361051952090916
4.091	0.008267734747707497
4.101	0.008175483475570785
4.111	0.008084285576247728
4.121	0.007994128644597333
4.131	0.007905000427766342
4.141	0.007816888823212851
4.151	0.007729781876757592
4.161	0.007643667780662325
4.171	0.007558534871734981
4.181	0.0074743716294611625
4.191	0.007391166674161542
4.201	0.007308908765174837
4.211	0.007227586799065928
4.221	0.0071471898078587694
4.231	0.0070677069572936575
4.241	0.0069891275451085776
4.251	0.0069114409993442
4.261	0.006834636876672222
4.271	0.006758704860746612
4.281	0.006683634760577547
4.291	0.0066094165089275935
4.301	0.006536040160729866
4.311	0.006463495891527771
4.321	0.006391773995936099
4.331	0.006320864886123068
4.341	0.0062507590903130815
4.351	0.0061814472513098025
4.361	0.006112920125039341
4.371	0.006045168579113187
4.381	0.005978183591410656
4.391	0.005911956248680481
4.401	0.005846477745161345
4.411	0.005781739381221058
4.421	0.005717732562014071
4.431	0.005654448796157108
4.441	0.005591879694422587
4.451	0.005530016968449659
4.461	0.005468852429472517
4.471	0.005408377987065817
4.481	0.005348585647906836
4.491	0.005289467514554284
4.501	0.005231015784243378
4.511	0.005173222747697071
4.521	0.005116080787953078
4.531	0.005059582379206583
4.541	0.005003720085668336
4.551	0.00494848656043795
4.561	0.004893874544392137
4.571	0.00483987686508773
4.581	0.004786486435679228
4.591	0.004733696253850702
4.601	0.004681499400761786
4.611	0.004629889040007643
4.621	0.004578858416592633
4.631	0.004528400855917548
4.641	0.004478509762780142
4.651	0.004429178620388865
4.661	0.0043804009893895325
4.671	0.004332170506904796
4.681	0.004284480885586223
4.691	0.004237325912678778
4.701	0.004190699449097582
4.711	0.0041445954285167395
4.721	0.004099007856470084
4.731	0.004053930809463648
4.741	0.004009358434099731
4.751	0.0039652849462123736
4.761	0.003921704630014099
4.771	0.0038786118372537317
4.781	0.003836000986385186
4.791	0.0037938665617470333
4.801	0.0037522031127527242
4.811	0.0037110052530912804
4.821	0.0036702676599383657
4.831	0.0036299850731775396
4.841	0.0035901522946316052
4.851	0.0035507641873038357
4.861	0.003511815674629035
4.871	0.0034733017397342273
4.881	0.0034352174247088804
4.891	0.003397557829884505
4.901	0.0033603181131235246
4.911	0.0033234934891172765
4.921	0.0032870792286930203
4.931	0.003251070658129846
4.941	0.003215463158483309
4.951	0.0031802521649187507
4.961	0.003145433166053121
4.971	0.003111001703305225
4.981	0.0030769533702542443
4.991	0.003043283812006464
5.001	0.0030099887245700558
5.011	0.002977063854237839
5.021	0.002944504996977872
5.031	0.0029123079978318114
5.041	0.0028804687503209076
5.051	0.0028489831958595467
5.061	0.0028178473231762124
5.071	0.0027870571677418047
5.081	0.0027566088112051888
5.091	0.0027264983808358966
5.101	0.002696722048973849
5.111	0.0026672760324860582
5.121	0.0026381565922301677
5.131	0.002609360032524776
5.141	0.0025808827006264163
5.151	0.002552720986213136
5.161	0.0025248713208745727
5.171	0.0024973301776084356
5.181	0.0024700940703233317
5.191	0.002443159553347803
5.201	0.002416523220945552
5.211	0.0023901817068367275
5.221	0.002364131683725224
5.231	0.0023383698628318705
5.241	0.0023128929934334887
5.251	0.002287697862407691
5.261	0.00226278129378338
5.271	0.0022381401482968423
5.281	0.0022137713229533904
5.291	0.002189671750594462
5.301	0.0021658383994701217
5.311	0.002142268272816862
5.321	0.002118958408440676
5.331	0.0020959058783052973
5.341	0.002073107788125571
5.351	0.002050561276965845
5.361	0.002028263516843365
5.371	0.002006211712336574
5.381	0.001984403100198273
5.391	0.001962834948973549
5.401	0.0019415045586224525
5.411	0.001920409260147322
5.421	0.0018995464152247181
5.431	0.001878913415841907
5.441	0.0018585076839378082
5.451	0.0018383266710483913
5.461	0.0018183678579564253
5.471	0.0017986287543455522
5.481	0.0017791068984585995
5.491	0.0017597998567601104
5.501	0.0017407052236030115
5.511	0.0017218206208993799
5.521	0.0017031436977952388
5.531	0.0016846721303493536
5.541	0.0016664036212159564
5.551	0.001648335899331367
5.561	0.001630466719604431
5.571	0.0016127938626107636
5.581	0.0015953151342907206
5.591	0.001578028365651067
5.601	0.001560931412470277
5.611	0.0015440221550074398
5.621	0.0015272984977147128
5.631	0.0015107583689532818
5.641	0.0014943997207127703
5.651	0.001478220528334079
5.661	0.001462218790235588
5.671	0.0014463925276426881
5.681	0.001430739784320608
5.691	0.0014152586263104705
5.701	0.0013999471416685663
5.711	0.0013848034402087833
5.721	0.0013698256532481635
5.731	0.0013550119333555343
5.741	0.0013403604541031922
5.751	0.001325869409821587
5.761	0.0013115370153569798
5.771	0.0012973615058320183
5.781	0.001283341136409216
5.791	0.0012694741820572825
5.801	0.001255758937320279
5.811	0.0012421937160895463
5.821	0.0012287768513783957
5.831	0.0012155066950995076
5.841	0.0012023816178450125
5.851	0.0011894000086692172
5.861	0.0011765602748739442
5.871	0.0011638608417964566
5.881	0.0011513001525999271
5.891	0.0011388766680664217
5.901	0.0011265888663923732
5.911	0.0011144352429865048
5.921	0.0011024143102701784
5.931	0.0010905245974801375
5.941	0.001078764650473604
5.951	0.001067133031535722
5.961	0.001055628319189292
5.971	0.0010442491080067944
5.981	0.0010329940084246448
5.991	0.0010218616465596814
6.001	0.001010850664027836
6.011	0.0009999597177649754
6.021	0.000989187479849872
6.031	0.0009785326373292916
6.041	0.0009679938920451643
6.051	0.0009575699604638147
6.061	0.0009472595735072203
6.071	0.000937061476386285
6.081	0.0009269744284360896
6.091	0.0009169972029531083
6.101	0.000907128587034349
6.111	0.0008973673814184128
6.121	0.0008877124003284369
6.131	0.0008781624713169035
6.141	0.0008687164351122837
6.151	0.0008593731454675049
6.161	0.0008501314690102109
6.171	0.0008409902850947968
6.181	0.0008319484856561958
6.191	0.0008230049750653918
6.201	0.0008141586699866465
6.211	0.0008054084992364099
6.221	0.0007967534036439033
6.231	0.0007881923359133405
6.241	0.0007797242604877833
6.251	0.0007713481534145983
6.261	0.0007630630022125068
6.271	0.000754867805740192
6.281	0.000746761574066465
6.291	0.000738743328341953
6.301	0.0007308121006723035
6.311	0.0007229669339928743
6.321	0.000715206881944903
6.331	0.0007075310087531302
6.341	0.0006999383891048633
6.351	0.0006924281080304554
6.361	0.0006849992607851938
6.371	0.0006776509527325721
6.381	0.0006703822992289329
6.391	0.0006631924255094611
6.401	0.0006560804665755159
6.411	0.0006490455670832835
6.421	0.0006420868812337312
6.431	0.0006352035726638535
6.441	0.0006283948143391876
6.451	0.0006216597884475881
6.461	0.0006149976862942435
6.471	0.0006084077081979218
6.481	0.0006018890633884236
6.491	0.0005954409699052374
6.501	0.0005890626544973756
6.511	0.0005827533525243824
6.521	0.0005765123078584906
6.531	0.0005703387727879259
6.541	0.0005642320079213337
6.551	0.0005581912820933236
6.561	0.000552215872271108
6.571	0.0005463050634622335
6.581	0.0005404581486233821
6.591	0.0005346744285702385
6.601	0.0005289532118883965
6.611	0.000523293814845311
6.621	0.0005176955613032659
6.631	0.0005121577826333579
6.641	0.0005066798176304745
6.651	0.0005012610124292615
6.661	0.0004959007204210658
6.671	0.0004905983021718395
6.681	0.0004853531253409983
6.691	0.0004801645646012169
6.701	0.00047503200155915674
6.711	0.00046995482467710907
6.721	0.00046493242919554915
6.731	0.0004599642170565809
6.741	0.0004550495968282716
6.751	0.0004501879836298596
6.761	0.00044537879905782855
6.771	0.0004406214711128317
6.781	0.0004359154341274653
6.791	0.0004312601286948718
6.801	0.00042665500159817164
6.811	0.0004220995057407033
6.821	0.0004175931000770735
6.831	0.00041313524954499965
6.841	0.00040872542499793954
6.851	0.00040436310313849414
6.861	0.00040004776645258163
6.871	0.0003957789031443662
6.881	0.0003915560070719384
6.891	0.0003873785776837327
6.901	0.0003832461199556786
6.911	0.000379158144329074
6.921	0.0003751141666491719
6.931	0.0003711137081044745
6.941	0.000367156295166722
6.951	0.00036324145953157283
6.961	0.0003593687380599636
6.971	0.0003555376727201438
6.981	0.00035174781053037184
6.991	0.000347998703502272
7.001	0.0003442899085848383
7.011	0.0003406209876090827
7.021	0.00033699150723331343
7.031	0.0003334010388890441
7.041	0.00032984915872751936
7.051	0.00032633544756685535
7.061	0.00032285949083978087
7.071	0.00031942087854198054
7.081	0.00031601920518102594
7.091	0.0003126540697258924
7.101	0.00030932507555705036
7.111	0.00030603183041712884
7.121	0.0003027739463621416
7.131	0.00029955103971327136
7.141	0.000296362731009201
7.151	0.0002932086449589929
7.161	0.00029008841039550244
7.171	0.00028700166022932455
7.181	0.00028394803140326504
7.191	0.00028092716484732946
7.201	0.0002779387054342262
7.211	0.0002749823019353757
7.221	0.0002720576069774212
7.231	0.000269164276999233
7.241	0.0002663019722094036
7.251	0.0002634703565442249
7.261	0.0002606690976261454
7.271	0.00025789786672269664
7.281	0.00025515633870588905
7.291	0.00025244419201206797
7.301	0.0002497611086022263
7.311	0.00024710677392276656
7.321	0.00024448087686670966
7.331	0.00024188310973534332
7.341	0.00023931316820030642
7.351	0.0002367707512661016
7.361	0.00023425556123303455
7.371	0.00023176730366057294
7.381	0.00022930568733112096
7.391	0.00022687042421420305
7.401	0.00022446122943105447
7.411	0.00022207782121961246
7.421	0.0002197199208999037
7.431	0.00021738725283982393
7.441	0.0002150795444213032
7.451	0.0002127965260068557
7.461	0.00021053793090650654
7.471	0.00020830349534509363
7.481	0.00020609295842993717
7.491	0.00020390606211887643
7.501	0.00020174255118866614
7.511	0.00019960217320373126
7.521	0.00019748467848527206
7.531	0.00019538982008072056
7.541	0.0001933173537335397
7.551	0.00019126703785336477
7.561	0.00018923863348647925
7.571	0.00018723190428662615
7.581	0.00018524661648614623
7.591	0.00018328253886744345
7.601	0.00018133944273476937
7.611	0.0001794171018863276
7.621	0.00017751529258669104
7.631	0.00017563379353953063
7.641	0.00017377238586064933
7.651	0.0001719308530513214
7.661	0.00017010898097193048
7.671	0.00016830655781590405
7.681	0.00016652337408394185
7.691	0.0001647592225585325
7.701	0.00016301389827875804
7.711	0.00016128719851538005
7.721	0.00015957892274620728
7.731	0.0001578888726317378
7.741	0.00015621685199107622
7.751	0.00015456266677812058
7.761	0.0001529261250580166
7.771	0.0001513070369838755
7.781	0.00014970521477375364
7.791	0.0001481204726878898
7.801	0.00014655262700619804
7.811	0.00014500149600601216
7.821	0.00014346689994008003
7.831	0.000141948661014804
7.841	0.00014044660336872593
7.851	0.0001389605530512514
7.861	0.00013749033800161358
7.871	0.00013603578802807184
7.881	0.00013459673478734345
7.891	0.00013317301176426477
7.901	0.00013176445425168022
7.911	0.00013037089933055627
7.921	0.00012899218585031726
7.931	0.00012762815440940181
7.941	0.00012627864733603494
7.951	0.00012494350866921658
7.961	0.0001236225841399214
7.971	0.00012231572115250906
7.981	0.00012102276876634142
7.991	0.00011974357767760537
8.001	0.0001184780002013383
8.011	0.00011722589025365398
8.021	0.00011598710333416661
8.031	0.00011476149650861178
8.041	0.00011354892839165906
8.051	0.00011234925912991825
8.061	0.00011116235038513394
8.071	0.0001099880653175676
8.081	0.00010882626856956437
8.091	0.00010767682624930335
8.101	0.00010653960591472828
8.111	0.00010541447655765796
8.121	0.00010430130858807183
8.131	0.00010319997381857213
8.141	0.00010211034544901797
8.151	0.00010103229805133045
8.161	0.00009996570755446671
8.171	0.00009891045122956103
8.181	0.00009786640767523106
8.191	0.00009683345680304718
8.201	0.00009581147982316401
8.211	0.00009480035923010996
8.221	0.00009379997878873608
8.231	0.00009281022352032034
8.241	0.00009183097968882593
8.251	0.00009086213478731252
8.261	0.00008990357752449778
8.271	0.00008895519781146826
8.281	0.0000880168867485381
8.291	0.00008708853661225211
8.301	0.00008617004084253447
8.311	0.00008526129402997884
8.321	0.00008436219190327992
8.331	0.00008347263131680373
8.341	0.00008259251023829607
8.351	0.00008172172773672665
8.361	0.00008086018397026857
8.371	0.00008000778017440953
8.381	0.00007916441865019611
8.391	0.00007833000275260716
8.401	0.00007750443687905634
8.411	0.00007668762645802137
8.421	0.00007587947793779966
8.431	0.00007507989877538761
8.441	0.00007428879742548318
8.451	0.0000735060833296105
8.461	0.0000727316669053634
8.471	0.00007196545953576898
8.481	0.00007120737355876827
8.491	0.00007045732225681288
8.501	0.0000697152198465768
8.511	0.00006898098146878169
8.521	0.0000682545231781343
8.531	0.00006753576193337568
8.541	0.00006682461558743882
8.551	0.00006612100287771619
8.561	0.0000654248434164341
8.571	0.0000647360576811331
8.581	0.00006405456700525353
8.591	0.00006338029356882488
8.601	0.00006271316038925744
8.611	0.00006205309131223627
8.621	0.00006140001100271415
8.631	0.000060753844936005025
8.641	0.00006011451938897484
8.651	0.00005948196143132969
8.661	0.00005885609891699968
8.671	0.000058236860475617764
8.681	0.000057624175504092354
8.691	0.000057017974158272474
8.701	0.00005641818734470523
8.711	0.000055824746712482956
8.721	0.000055237584645180826
8.731	0.000054656634252882893
8.741	0.00005408182936429578
8.751	0.00005351310451894891
8.761	0.00005295039495948082
8.771	0.00005239363662400971
8.781	0.000051842766138588676
8.791	0.000051297720809742576
8.801	0.00005075843861708803
8.811	0.00005022485820603386
8.821	0.000049696918880561755
8.831	0.00004917456059608633
8.841	0.00004865772395239333
8.851	0.00004814635018665548
8.861	0.00004764038116652518
8.871	0.00004713975938330228
8.881	0.0000466444279451775
8.891	0.000046154330570549665
8.901	0.000045669411581416205
8.911	0.00004518961589683606
8.921	0.000044714889026464444
8.931	0.00004424517706415818
8.941	0.00004378042668165127
8.951	0.00004332058512230001
8.961	0.000042865600194895856
8.971	0.000042415420267546844
8.981	0.00004196999426162564
8.991	0.00004152927164578385
9.001	0.000041093202430031967
9.011	0.000040661737159884
9.021	0.00004023482691056617
9.031	0.000039812423281289296
9.041	0.00003939447838958319
9.051	0.00003898094486569358
9.061	0.000038571775847040144
9.071	0.000038166924972735104
9.081	0.00003776634637816171
9.091	0.00003736999468961207
9.101	0.000036977825018983525
9.111	0.00003658979295853317
9.121	0.000036205854575689215
9.131	0.00003582596640791954
9.141	0.00003545008545765602
9.151	0.00003507816918727439
9.161	0.000034710175514128816
9.171	0.00003434606280564077
9.181	0.00003398578987444149
9.191	0.000033629315973567345
9.201	0.00003327660079170803
9.211	0.000032927604448505854
9.221	0.00003258228748990708
9.231	0.00003224061088356354
9.241	0.00003190253601428452
9.251	0.0000315680246795382
9.261	0.000031237039085002175
9.271	0.00003090954184016244
9.281	0.000030585495953960496
9.291	0.000030264864830487538
9.301	0.000029947612264725905
9.311	0.00002963370243833682
9.321	0.00002932309991549394
9.331	0.000029015769638762358
9.341	0.000028711676925022445
9.351	0.000028410787461438068
9.361	0.000028113067301468855
9.371	0.0000278184828609255
9.381	0.000027527000914068354
9.391	0.000027238588589748357
9.401	0.000026953213367589887
9.411	0.000026670843074215207
9.421	0.00002639144587950999
9.431	0.000026114990292929356
9.441	0.000025841445159844193
9.451	0.000025570779657927236
9.461	0.000025302963293578184
9.471	0.000025037965898387936
9.481	0.00002477575762564117
9.491	0.00002451630894685688
9.501	0.00002425959064836656
9.511	0.000024005573827929517
9.521	0.00002375422989138491
9.531	0.000023505530549340412
9.541	0.00002325944781389632
9.551	0.000023015953995405716
9.561	0.0000227750216992696
9.571	0.00002253662382276677
9.581	0.000022300733551918207
9.591	0.000022067324358385407
9.601	0.00002183636999640238
9.611	0.000021607844499741074
9.621	0.00002138172217870941
9.631	0.000021157977617182144
9.641	0.000020936585669663856
9.651	0.00002071752145838371
9.661	0.00002050076037042182
9.671	0.000020286278054866663
9.681	0.00002007405042000338
9.691	0.000019864053630532447
9.701	0.000019656264104818733
9.711	0.00001945065851216992
9.721	0.00001924721377014485
9.731	0.000019045907041890773
9.741	0.000018846715733509497
9.751	0.000018649617491452085
9.761	0.000018454590199941714
9.771	0.00001826161197842442
9.781	0.000018070661179047603
9.791	0.000017881716384165507
9.801	0.000017694756403871986
9.811	0.00001750976027355982
9.821	0.00001732670725150649
9.831	0.00001714557681648604
9.841	0.000016966348665406774
9.851	0.000016789002710974465
9.861	0.00001661351907938102
9.871	0.000016439878108017787
9.881	0.000016268060343213896
9.891	0.000016098046537998912
9.901	0.000015929817649889692
9.911	0.000015763354838701138
9.921	0.000015598639464380653
9.931	0.00001543565308486593
9.941	0.000015274377453965896
9.951	0.000015114794519264692
9.961	0.000014956886420047963
9.971	0.00001480063548525188
9.981	0.000014646024231434117
9.991	0.000014493035360766786
10.001	0.000014341651759051043
10.011	0.000014191856493753096
10.021	0.000014043632812061411
10.031	0.000013896964138964988
10.041	0.000013751834075352153
10.051	0.000013608226396130048
10.061	0.00001346612504836436
10.071	0.000013325514149439061
10.081	0.000013186377985236061
10.091	0.000013048701008334454
10.101	0.00001291246783622915
10.111	0.00001277766324956886
10.121	0.0000126442721904128
10.131	0.00001251227976050645
10.141	0.000012381671219575776
10.151	0.000012252431983639825
10.161	0.000012124547623341537
10.171	0.000011998003862296522
10.181	0.00001187278657545963
10.191	0.000011748881787509069
10.201	0.000011626275671248078
10.211	0.000011504954546023547
10.221	0.000011384904876161923
10.231	0.000011266113269421795
10.241	0.000011148566475463218
10.251	0.000011032251384333468
10.261	0.000010917155024969096
10.271	0.000010803264563714111
10.281	0.000010690567302854178
10.291	0.000010579050679166389
10.301	0.000010468702262484849
10.311	0.00001035950975428158
10.321	0.000010251460986262704
10.331	0.000010144543918979736
10.341	0.000010038746640455787
10.351	9.93405736482654e-6
10.361	9.830464430995919e-6
10.371	9.727956301306013e-6
10.381	9.626521560221516e-6
10.391	9.526148913028152e-6
10.401	9.426827184545164e-6
10.411	9.328545317851602e-6
10.421	9.231292373026304e-6
10.431	9.135057525901416e-6
10.441	9.039830066829276e-6
10.451	8.945599399462627e-6
10.461	8.852355039547762e-6
10.471	8.760086613730798e-6
10.481	8.668783858376678e-6
10.491	8.578436618400866e-6
10.501	8.489034846113592e-6
10.511	8.400568600076485e-6
10.521	8.313028043971482e-6
10.531	8.22640344548193e-6
10.541	8.140685175185552e-6
10.551	8.055863705459446e-6
10.561	7.971929609396741e-6
10.571	7.888873559734892e-6
10.581	7.806686327795484e-6
10.591	7.725358782435376e-6
10.601	7.644881889009117e-6
10.611	7.5652467083425075e-6
10.621	7.486444395717078e-6
10.631	7.40846619986555e-6
10.641	7.331303461978016e-6
10.651	7.2549476147187785e-6
10.661	7.17939018125373e-6
10.671	7.104622774288143e-6
10.681	7.030637095114783e-6
10.691	6.957424932672198e-6
10.701	6.884978162613155e-6
10.711	6.81328874638294e-6
10.721	6.742348730307649e-6
10.731	6.6721502446921764e-6
10.741	6.602685502927868e-6
10.751	6.533946800609753e-6
10.761	6.4659265146632035e-6
10.771	6.398617102479925e-6
10.781	6.332011101063284e-6
10.791	6.26610112618264e-6
10.801	6.200879871536843e-6
10.811	6.136340107926646e-6
10.821	6.072474682435957e-6
10.831	6.0092765176218675e-6
10.841	5.946738610713339e-6
10.851	5.8848540328184535e-6
10.861	5.823615928140185e-6
10.871	5.763017513200468e-6
10.881	5.703052076072655e-6
10.891	5.643712975622131e-6
10.901	5.5849936407550686e-6
10.911	5.526887569675188e-6
10.921	5.469388329148494e-6
10.931	5.412489553775843e-6
10.941	5.356184945273291e-6
10.951	5.300468271760175e-6
10.961	5.245333367054702e-6
10.971	5.190774129977167e-6
10.981	5.136784523660559e-6
10.991	5.083358574868543e-6
11.001	5.030490373320733e-6
11.011	4.978174071025162e-6
11.021	4.926403881617868e-6
11.031	4.875174079709601e-6
11.041	4.8244790002393785e-6
11.051	4.774313037835065e-6
11.061	4.724670646180715e-6
11.071	4.675546337390678e-6
11.081	4.6269346813903946e-6
11.091	4.57883030530379e-6
11.101	4.5312278928472005e-6
11.111	4.484122183729805e-6
11.121	4.43750797306038e-6
11.131	4.391380110760454e-6
11.141	4.345733500983691e-6
11.151	4.300563101541462e-6
11.161	4.255863923334563e-6
11.171	4.211631029790972e-6
11.181	4.167859536309615e-6
11.191	4.124544609710055e-6
11.201	4.081681467688072e-6
11.211	4.039265378276992e-6
11.221	3.997291659314819e-6
11.231	3.95575567791701e-6
11.241	3.914652849954887e-6
11.251	3.873978639539591e-6
11.261	3.833728558511551e-6
11.271	3.793898165935375e-6
11.281	3.754483067600161e-6
11.291	3.715478915525063e-6
11.301	3.6768814074701934e-6
11.311	3.638686286452691e-6
11.321	3.6008893402679665e-6
11.331	3.563486401016033e-6
11.341	3.5264733446328847e-6
11.351	3.489846090426862e-6
11.361	3.4536006006199768e-6
11.371	3.417732879894065e-6
11.381	3.382238974941833e-6
11.391	3.3471149740226433e-6
11.401	3.3123570065230453e-6
11.411	3.277961242521972e-6
11.421	3.2439238923605733e-6
11.431	3.2102412062166206e-6
11.441	3.1769094736834336e-6
11.451	3.143925023353322e-6
11.461	3.111284222405389e-6
11.471	3.0789834761977897e-6
11.481	3.0470192278642906e-6
11.491	3.0153879579151236e-6
11.501	2.98408618384209e-6
11.511	2.95311045972786e-6
11.521	2.922457375859424e-6
11.531	2.892123558345674e-6
11.541	2.862105668739006e-6
11.551	2.832400403660989e-6
11.561	2.803004494431994e-6
11.571	2.773914706704759e-6
11.581	2.745127840101849e-6
11.591	2.716640727856973e-6
11.601	2.6884502364601016e-6
11.611	2.6605532653063813e-6
11.621	2.6329467463487342e-6
11.631	2.605627643754188e-6
11.641	2.578592953563841e-6
11.651	2.5518397033564395e-6
11.661	2.525364951915527e-6
11.671	2.4991657889001298e-6
11.681	2.473239334518942e-6
11.691	2.4475827392079595e-6
11.701	2.4221931833115635e-6
11.711	2.3970678767669454e-6
11.721	2.3722040587919225e-6
11.731	2.3475989975760475e-6
11.741	2.3232499899750027e-6
11.751	2.299154361208234e-6
11.761	2.2753094645597957e-6
11.771	2.2517126810823643e-6
11.781	2.2283614193044156e-6
11.791	2.2052531149404648e-6
11.801	2.182385230604425e-6
11.811	2.1597552555259813e-6
11.821	2.137360705269982e-6
11.831	2.115199121458804e-6
11.841	2.0932680714976596e-6
11.851	2.0715651483028206e-6
11.861	2.0500879700327343e-6
11.871	2.0288341798219595e-6
11.881	2.0078014455179565e-6
11.891	1.9869874594206515e-6
11.901	1.966389938024764e-6
11.911	1.9460066217648664e-6
11.921	1.9258352747631463e-6
11.931	1.9058736845798407e-6
11.941	1.886119661966311e-6
11.951	1.8665710406207555e-6
11.961	1.8472256769464696e-6
11.971	1.8280814498127112e-6
11.981	1.8091362603180717e-6
11.991	1.790388031556363e-6
12.001	1.7718347083849867e-6
12.011	1.7534742571957488e-6
12.021	1.7353046656881095e-6
12.031	1.7173239426448386e-6
12.041	1.6995301177100233e-6
12.051	1.6819212411694568e-6
12.061	1.6644953837333325e-6
12.071	1.6472506363212459e-6
12.081	1.6301851098494728e-6
12.091	1.6132969350204962e-6
12.101	1.596584262114761e-6
12.111	1.5800452607846464e-6
12.121	1.56367811985059e-6
12.131	1.5474810470993961e-6
12.141	1.5314522690846714e-6
12.151	1.5155900309293633e-6
12.161	1.4998925961303987e-6
12.171	1.4843582463653847e-6
12.181	1.4689852813013511e-6
12.191	1.4537720184055214e-6
12.201	1.438716792758092e-6
12.211	1.423817956866967e-6
12.221	1.4090738804844794e-6
12.231	1.3944829504260397e-6
12.241	1.3800435703906973e-6
12.251	1.3657541607836093e-6
12.261	1.3516131585403776e-6
12.271	1.3376190169532467e-6
12.281	1.3237702054991484e-6
12.291	1.310065209669539e-6
12.301	1.296502530802063e-6
12.311	1.2830806859139807e-6
12.321	1.2697982075373586e-6
12.331	1.2566536435560048e-6
12.341	1.2436455570441239e-6
12.351	1.2307725261066762e-6
12.361	1.2180331437214356e-6
12.371	1.2054260175826924e-6
12.381	1.192949769946629e-6
12.391	1.180603037478321e-6
12.401	1.1683844711003543e-6
12.411	1.1562927358430399e-6
12.421	1.1443265106962139e-6
12.431	1.1324844884626007e-6
12.441	1.1207653756127237e-6
12.451	1.1091678921413553e-6
12.461	1.0976907714254682e-6
12.471	1.0863327600836997e-6
12.481	1.0750926178372945e-6
12.491	1.063969117372517e-6
12.501	1.0529610442045128e-6
12.511	1.0420671965426116e-6
12.521	1.031286385157046e-6
12.531	1.02061743324709e-6
12.541	1.010059176310565e-6
12.551	9.99610462014749e-7
12.561	9.892701500686312e-7
12.571	9.790371120965215e-7
12.581	9.68910231512991e-7
12.591	9.588884033991332e-7
12.601	9.489705343801269e-7
12.611	9.391555425041006e-7
12.621	9.294423571222588e-7
12.631	9.198299187702864e-7
12.641	9.103171790509984e-7
12.651	9.009031005182267e-7
12.661	8.915866565619324e-7
12.671	8.823668312945305e-7
12.681	8.732426194384103e-7
12.691	8.642130262146422e-7
12.701	8.552770672328668e-7
12.711	8.464337683823254e-7
12.721	8.376821657240584e-7
12.731	8.290213053842298e-7
12.741	8.204502434485795e-7
12.751	8.11968045857986e-7
12.761	8.035737883051309e-7
12.771	7.95266556132252e-7
12.781	7.870454442299767e-7
12.791	7.789095569372135e-7
12.801	7.708580079421061e-7
12.811	7.628899201840285e-7
12.821	7.55004425756611e-7
12.831	7.472006658117893e-7
12.841	7.394777904648644e-7
12.851	7.318349587005599e-7
12.861	7.242713382800757e-7
12.871	7.167861056491083e-7
12.881	7.093784458468525e-7
12.891	7.02047552415953e-7
12.901	6.947926273134088e-7
12.911	6.876128808224116e-7
12.921	6.805075314651171e-7
12.931	6.734758059163294e-7
12.941	6.665169389180978e-7
12.951	6.596301731952142e-7
12.961	6.528147593715912e-7
12.971	6.460699558875314e-7
12.981	6.393950289178597e-7
12.991	6.327892522909207e-7
13.001	6.262519074084273e-7
13.011	6.197822831661528e-7
13.021	6.133796758754565e-7
13.031	6.070433891856405e-7
13.041	6.007727340071118e-7
13.051	5.945670284353647e-7
13.061	5.884255976757562e-7
13.071	5.823477739690751e-7
13.081	5.763328965178933e-7
13.091	5.703803114136903e-7
13.101	5.644893715647458e-7
13.111	5.58659436624794e-7
13.121	5.528898729224183e-7
13.131	5.471800533911981e-7
13.141	5.41529357500586e-7
13.151	5.359371711875123e-7
13.161	5.304028867887081e-7
13.171	5.249259029737402e-7
13.181	5.195056246787503e-7
13.191	5.141414630408896e-7
13.201	5.088328353334462e-7
13.211	5.035791649016464e-7
13.221	4.983798810991398e-7
13.231	4.932344192251461e-7
13.241	4.881422204622649e-7
13.251	4.831027318149373e-7
13.261	4.781154060485556e-7
13.271	4.7317970162921094e-7
13.281	4.6829508266407894e-7
13.291	4.634610188424221e-7
13.301	4.5867698537722167e-7
13.311	4.5394246294741735e-7
13.321	4.4925693764075495e-7
13.331	4.4461990089723477e-7
13.341	4.4003084945315306e-7
13.351	4.354892852857307e-7
13.361	4.309947155583277e-7
13.371	4.26546652566225e-7
13.381	4.221446136829824e-7
13.391	4.1778812130735707e-7
13.401	4.1347670281078017e-7
13.411	4.092098904853832e-7
13.421	4.049872214925726e-7
13.431	4.008082378121414e-7
13.441	3.9667248619191647e-7
13.451	3.925795180979369e-7
13.461	3.8852888966514786e-7
13.471	3.845201616486199e-7
13.481	3.8055289937527613e-7
13.491	3.766266726961266e-7
13.501	3.727410559390041e-7
13.511	3.6889562786179604e-7
13.521	3.650899716061654e-7
13.531	3.6132367465176247e-7
13.541	3.5759632877090797e-7
13.551	3.5390752998376027e-7
13.561	3.50256878513948e-7
13.571	3.466439787446703e-7
13.581	3.430684391752552e-7
13.591	3.395298723781767e-7
13.601	3.3602789495651906e-7
13.611	3.3256212750189227e-7
13.621	3.291321945527819e-7
13.631	3.2573772455334154e-7
13.641	3.223783498126152e-7
13.651	3.1905370646418685e-7
13.661	3.1576343442625385e-7
13.671	3.125071773621182e-7
13.681	3.092845826410928e-7
13.691	3.0609530129981596e-7
13.701	3.0293898800397536e-7
13.711	2.9981530101042676e-7
13.721	2.9672390212971557e-7
13.731	2.9366445668898847e-7
13.741	2.906366334952944e-7
13.751	2.876401047992698e-7
13.761	2.846745462592052e-7
13.771	2.817396369054861e-7
13.781	2.7883505910541113e-7
13.791	2.7596049852837253e-7
13.801	2.731156441114061e-7
13.811	2.7030018802510084e-7
13.821	2.675138256398652e-7
13.831	2.647562554925468e-7
13.841	2.620271792534024e-7
13.851	2.593263016934126e-7
13.861	2.5665333065194185e-7
13.871	2.54007977004732e-7
13.881	2.5138995463223605e-7
13.891	2.487989803882809e-7
13.901	2.462347740690592e-7
13.911	2.436970583824452e-7
13.921	2.411855589176323e-7
13.931	2.3870000411508864e-7
13.941	2.3624012523682642e-7
13.951	2.3380565633698482e-7
13.961	2.313963342327165e-7
13.971	2.290118984753834e-7
13.981	2.266520913220515e-7
13.991	2.243166577072847e-7
14.001	2.2200534521523366e-7
14.011	2.1971790405201712e-7
14.021	2.1745408701839134e-7
14.031	2.1521364948270804e-7
14.041	2.1299634935415105e-7
14.051	2.1080194705625707e-7
14.061	2.0863020550071155e-7
14.071	2.064808900614189e-7
14.081	2.043537685488444e-7
14.091	2.022486111846243e-7
14.101	2.0016519057644078e-7
14.111	1.981032816931626e-7
14.121	1.9606266184024098e-7
14.131	1.940431106353672e-7
14.141	1.920444099843828e-7
14.151	1.9006634405744197e-7
14.161	1.8810869926542354e-7
14.171	1.861712642365891e-7
14.181	1.8425382979348608e-7
14.191	1.8235618893009103e-7
14.201	1.804781367891943e-7
14.211	1.7861947064001754e-7
14.221	1.7677998985606858e-7
14.231	1.749594958932262e-7
14.241	1.7315779226805433e-7
14.251	1.7137468453634288e-7
14.261	1.696099802718732e-7
14.271	1.6786348904540472e-7
14.281	1.6613502240388296e-7
14.291	1.644243938498621e-7
14.301	1.627314188211452e-7
14.311	1.6105591467063602e-7
14.321	1.5939770064640134e-7
14.331	1.577565978719422e-7
14.341	1.5613242932667052e-7
14.351	1.5452501982659037e-7
14.361	1.529341960051815e-7
14.371	1.5135978629448066e-7
14.381	1.4980162090636277e-7
14.391	1.4825953181401669e-7
14.401	1.4673335273361434e-7
14.411	1.4522291910617182e-7
14.421	1.437280680795996e-7
14.431	1.4224863849094014e-7
14.441	1.4078447084879142e-7
14.451	1.3933540731591448e-7
14.461	1.3790129169202058e-7
14.471	1.364819693967406e-7
14.481	1.350772874527708e-7
14.491	1.336870944691951e-7
14.501	1.323112406249814e-7
14.511	1.309495776526501e-7
14.521	1.296019588221131e-7
14.531	1.2826823892468264e-7
14.541	1.269482742572446e-7
14.551	1.256419226065996e-7
14.561	1.243490432339663e-7
14.571	1.2306949685964654e-7
14.581	1.2180314564785084e-7
14.591	1.2054985319168215e-7
14.601	1.193094844982759e-7
14.611	1.1808190597409666e-7
14.621	1.168669854103858e-7
14.631	1.1566459196876307e-7
14.641	1.1447459616697772e-7
14.651	1.1329686986480821e-7
14.661	1.1213128625010923e-7
14.671	1.1097771982500419e-7
14.681	1.098360463922218e-7
14.691	1.087061430415751e-7
14.701	1.0758788813658233e-7
14.711	1.0648116130122577e-7
14.721	1.0538584340685021e-7
14.731	1.0430181655919756e-7
14.741	1.0322896408557635e-7
14.751	1.0216717052216585e-7
14.761	1.0111632160145174e-7
14.771	1.0007630423979333e-7
14.781	9.904700652512082e-8
14.791	9.80283177047596e-8
14.801	9.702012817338271e-8
14.811	9.602232946108865e-8
14.821	9.503481422160309e-8
14.831	9.40574762206042e-8
14.841	9.309021032416919e-8
14.851	9.213291248734134e-8
14.861	9.118547974281734e-8
14.871	9.02478101897503e-8
14.881	8.93198029826717e-8
14.891	8.84013583205277e-8
14.901	8.749237743583005e-8
14.911	8.659276258391985e-8
14.921	8.570241703234362e-8
14.931	8.482124505033965e-8
14.941	8.394915189843404e-8
14.951	8.308604381814599e-8
14.961	8.22318280217985e-8
14.971	8.138641268243722e-8
14.981	8.054970692385331e-8
14.991	7.972162081071038e-8
15.001	7.890206533877457e-8
15.011	7.809095242524612e-8
15.021	7.728819489919177e-8
15.031	7.649370649207736e-8
15.041	7.570740182839782e-8
15.051	7.4929196416406e-8
15.061	7.415900663893758e-8
15.071	7.339674974433151e-8
15.081	7.26423438374451e-8
15.091	7.189570787076275e-8
15.101	7.115676163559707e-8
15.111	7.042542575338229e-8
15.121	6.970162166705713e-8
15.131	6.89852716325386e-8
15.141	6.827629871028413e-8
15.151	6.757462675694133e-8
15.161	6.68801804170852e-8
15.171	6.619288511504089e-8
15.181	6.551266704679192e-8
15.191	6.483945317197246e-8
15.201	6.417317120594349e-8
15.211	6.35137496119503e-8
15.221	6.286111759336299e-8
15.231	6.221520508599675e-8
15.241	6.15759427505127e-8
15.251	6.094326196489751e-8
15.261	6.031709481702129e-8
15.271	5.969737409727303e-8
15.281	5.9084033291273047e-8
15.291	5.847700657266037e-8
15.301	5.787622879595601e-8
15.311	5.7281635489500243e-8
15.321	5.6693162848463376e-8
15.331	5.611074772792909e-8
15.341	5.553432763605013e-8
15.351	5.4963840727274695e-8
15.361	5.439922579564408e-8
15.371	5.384042226815896e-8
15.381	5.328737019821568e-8
15.391	5.274001025911037e-8
15.401	5.21982837376107e-8
15.411	5.166213252759454e-8
15.421	5.1131499123754736e-8
15.431	5.060632661536948e-8
15.441	5.00865586801372e-8
15.451	4.95721395780763e-8
15.461	4.906301414548711e-8
15.471	4.855912778897788e-8
15.481	4.8060426479552155e-8
15.491	4.756685674675793e-8
15.501	4.707836567289753e-8
15.511	4.659490088729784e-8
15.521	4.611641056063979e-8
15.531	4.564284339934751e-8
15.541	4.517414864003479e-8
15.551	4.4710276044010154e-8
15.561	4.4251175891838743e-8
15.571	4.379679897796064e-8
15.581	4.3347096605365344e-8
15.591	4.290202058032145e-8
15.601	4.246152320716114e-8
15.611	4.2025557283119164e-8
15.621	4.159407609322487e-8
15.631	4.116703340524788e-8
15.641	4.074438346469614e-8
15.651	4.032608098986582e-8
15.661	3.9912081166942805e-8
15.671	3.950233964515509e-8
15.681	3.909681253197543e-8
15.691	3.869545638837395e-8
15.701	3.8298228224120275e-8
15.711	3.7905085493133865e-8
15.721	3.751598608888334e-8
15.731	3.7130888339833325e-8
15.741	3.6749751004938485e-8
15.751	3.637253326918463e-8
15.761	3.5999194739175914e-8
15.771	3.562969543876797e-8
15.781	3.5263995804746666e-8
15.791	3.4902056682551115e-8
15.801	3.454383932204173e-8
15.811	3.4189305373311974e-8
15.821	3.3838416882543674e-8
15.831	3.349113628790529e-8
15.841	3.314742641549292e-8
15.851	3.280725047531326e-8
15.861	3.247057205730877e-8
15.871	3.213735512742329e-8
15.881	3.180756402370931e-8
15.891	3.148116345247525e-8
15.901	3.115811848447284e-8
15.911	3.083839455112413e-8
15.921	3.052195744078758e-8
15.931	3.0208773295063e-8
15.941	2.9898808605134823e-8
15.951	2.9592030208153474e-8
15.961	2.928840528365393e-8
15.971	2.898790135001192e-8
15.981	2.8690486260936616e-8
15.991	2.8396128201999874e-8
16.001	2.8104795687201367e-8
16.011	2.7816457555569727e-8
16.021	2.7531082967798137e-8
16.031	2.7248641402916165e-8
16.041	2.696910265499457e-8
16.051	2.6692436829885915e-8
16.061	2.6418614341997417e-8
16.071	2.614760591109878e-8
16.081	2.5879382559162155e-8
16.091	2.5613915607234885e-8
16.101	2.5351176672345703e-8
16.111	2.5091137664441572e-8
16.121	2.483377078335782e-8
16.131	2.4579048515818233e-8
16.141	2.4326943632467728e-8
16.151	2.4077429184934383e-8
16.161	2.3830478502923284e-8
16.171	2.35860651913396e-8
16.181	2.3344163127441556e-8
16.191	2.3104746458023798e-8
16.201	2.2867789596628652e-8
16.211	2.2633267220787705e-8
16.221	2.2401154269290646e-8
16.231	2.217142593948367e-8
16.241	2.1944057684595066e-8
16.251	2.1719025211088633e-8
16.261	2.149630447604521e-8
16.271	2.1275871684570264e-8
16.281	2.1057703287229634e-8
16.291	2.0841775977510515e-8
16.301	2.0628066689310134e-8
16.311	2.0416552594449158e-8
16.321	2.020721110021206e-8
16.331	2.00000198469122e-8
16.341	1.979495670548223e-8
16.351	1.9591999775090125e-8
16.361	1.9391127380778896e-8
16.371	1.9192318071131904e-8
16.381	1.8995550615961256e-8
16.391	1.8800804004021277e-8
16.401	1.8608057440744566e-8
16.411	1.841729034600257e-8
16.421	1.8228482351888682e-8
16.431	1.804161330052431e-8
16.441	1.7856663241888377e-8
16.451	1.76736124316683e-8
16.461	1.7492441329134293e-8
16.471	1.7313130595034692e-8
16.481	1.713566108951403e-8
16.491	1.6960013870052045e-8
16.501	1.678617018942406e-8
16.511	1.6614111493683133e-8
16.521	1.6443819420162177e-8
16.531	1.627527579549775e-8
16.541	1.6108462633673374e-8
16.551	1.594336213408408e-8
16.561	1.5779956679620057e-8
16.571	1.561822883477103e-8
16.581	1.54581613437497e-8
16.591	1.529973712863463e-8
16.601	1.5142939287532946e-8
16.611	1.4987751092761207e-8
16.621	1.4834155989046017e-8
16.631	1.4682137591742418e-8
16.641	1.453167968507157e-8
16.651	1.4382766220375861e-8
16.661	1.4235381314392857e-8
16.671	1.4089509247546636e-8
16.681	1.3945134462256786e-8
16.691	1.3802241561265459e-8
16.701	1.3660815305980967e-8
16.711	1.3520840614839345e-8
16.721	1.3382302561682095e-8
16.731	1.3245186374151452e-8
16.741	1.310947743210179e-8
16.751	1.2975161266027461e-8
16.761	1.2842223555507434e-8
16.771	1.2710650127665274e-8
16.781	1.2580426955645847e-8
16.791	1.2451540157107057e-8
16.801	1.2323975992727913e-8
16.811	1.2197720864731346e-8
16.821	1.2072761315422953e-8
16.831	1.194908402574445e-8
16.841	1.1826675813842121e-8
16.851	1.1705523633650455e-8
16.861	1.1585614573489867e-8
16.871	1.146693585467958e-8
16.881	1.1349474830164189e-8
16.891	1.123321898315514e-8
16.901	1.1118155925785556e-8
16.911	1.1004273397779659e-8
16.921	1.0891559265135503e-8
16.931	1.0780001518821385e-8
16.941	1.066958827348611e-8
16.951	1.0560307766182035e-8
16.961	1.0452148355101943e-8
16.971	1.034509851832836e-8
16.981	1.0239146852596405e-8
16.991	1.013428207206906e-8
17.001	1.0030493007125097e-8
17.011	9.927768603159925e-9
17.021	9.826097919398311e-9
17.031	9.725470127719934e-9
17.041	9.625874511496548e-9
17.051	9.527300464441707e-9
17.061	9.42973748947186e-9
17.071	9.333175197579742e-9
17.081	9.237603306719053e-9
17.091	9.143011640700714e-9
17.101	9.049390128100827e-9
17.111	8.95672880117949e-9
17.121	8.865017794811266e-9
17.131	8.77424734542623e-9
17.141	8.684407789962466e-9
17.151	8.595489564828903e-9
17.161	8.507483204879331e-9
17.171	8.420379342396727e-9
17.181	8.334168706088095e-9
17.191	8.248842120089983e-9
17.201	8.16439050298385e-9
17.211	8.08080486682208e-9
17.221	7.998076316163605e-9
17.231	7.916196047119924e-9
17.241	7.835155346410727e-9
17.251	7.75494559042924e-9
17.261	7.675558244317548e-9
17.271	7.596984861051056e-9
17.281	7.51921708053284e-9
17.291	7.442246628696947e-9
17.301	7.366065316621378e-9
17.311	7.29066503964982e-9
17.321	7.216037776522867e-9
17.331	7.142175588517922e-9
17.341	7.06907061859805e-9
17.351	6.996715090569818e-9
17.361	6.925101308249515e-9
17.371	6.854221654638356e-9
17.381	6.784068591105828e-9
17.391	6.714634656581875e-9
17.401	6.645912466757023e-9
17.411	6.577894713291163e-9
17.421	6.510574163030231e-9
17.431	6.443943657231027e-9
17.441	6.377996110794246e-9
17.451	6.312724511505108e-9
17.461	6.248121919282186e-9
17.471	6.184181465433644e-9
17.481	6.120896351921494e-9
17.491	6.0582598506332255e-9
17.501	5.996265302660973e-9
17.511	5.934906117588343e-9
17.521	5.874175772784284e-9
17.531	5.81406781270459e-9
17.541	5.7545758482003e-9
17.551	5.6956935558335516e-9
17.561	5.637414677200192e-9
17.571	5.579733018259677e-9
17.581	5.522642448671711e-9
17.591	5.466136901139711e-9
17.601	5.410210370761276e-9
17.611	5.354856914385059e-9
17.621	5.3000706499745945e-9
17.631	5.245845755978384e-9
17.641	5.192176470706806e-9
17.651	5.139057091715145e-9
17.661	5.086481975193277e-9
17.671	5.034445535361476e-9
17.681	4.982942243872465e-9
17.691	4.931966629219804e-9
17.701	4.8815132761521404e-9
17.711	4.83157682509378e-9
17.721	4.782151971570961e-9
17.731	4.733233465644317e-9
17.741	4.684816111347025e-9
17.751	4.636894766128752e-9
17.761	4.589464340305523e-9
17.771	4.542519796514999e-9
17.781	4.4960561491776666e-9
17.791	4.450068463963305e-9
17.801	4.40455185726324e-9
17.811	4.359501495667781e-9
17.821	4.314912595449287e-9
17.831	4.27078042205042e-9
17.841	4.2271002895776725e-9
17.851	4.1838675603002875e-9
17.861	4.1410776441541115e-9
17.871	4.098725998250818e-9
17.881	4.0568081263919506e-9
17.891	4.015319578588228e-9
17.901	3.974255950583564e-9
17.911	3.933612883384228e-9
17.921	3.89338606279272e-9
17.931	3.853571218946442e-9
17.941	3.814164125861296e-9
17.951	3.7751606009797605e-9
17.961	3.736556504723864e-9
17.971	3.698347740052547e-9
17.981	3.6605302520237983e-9
17.991	3.6231000273611743e-9
18.001	3.586053094024786e-9
18.011	3.5493855207868586e-9
18.021	3.513093416811454e-9
18.031	3.4771729312387517e-9
18.041	3.441620252773415e-9
18.051	3.4064316092773946e-9
18.061	3.3716032673667418e-9
18.071	3.3371315320127654e-9
18.081	3.3030127461471803e-9
18.091	3.26924329027133e-9
18.101	3.2358195820695557e-9
18.111	3.2027380760263875e-9
18.121	3.169995263047854e-9
18.131	3.137587670086531e-9
18.141	3.1055118597706273e-9
18.151	3.0737644300367256e-9
18.161	3.04234201376647e-9
18.171	3.011241278426897e-9
18.181	2.9804589257144697e-9
18.191	2.9499916912029017e-9
18.201	2.919836343994439e-9
18.211	2.8899896863749194e-9
18.221	2.860448553472214e-9
18.231	2.8312098129183494e-9
18.241	2.8022703645150136e-9
18.251	2.7736271399025066e-9
18.261	2.7452771022322066e-9
18.271	2.7172172458422695e-9
18.281	2.68944459593682e-9
18.291	2.661956208268306e-9
18.301	2.6347491688232715e-9
18.311	2.607820593511224e-9
18.321	2.5811676278568496e-9
18.331	2.5547874466953064e-9
18.341	2.528677253870659e-9
18.351	2.5028342819375177e-9
18.361	2.4772557918656114e-9
18.371	2.451939072747557e-9
18.381	2.426881441509489e-9
18.391	2.4020802426248243e-9
18.401	2.3775328478308303e-9
18.411	2.3532366558482445e-9
18.421	2.329189092103704e-9
18.431	2.3053876084550296e-9
18.441	2.2818296829194293e-9
18.451	2.258512819404377e-9
18.461	2.2354345474413982e-9
18.471	2.2125924219224663e-9
18.481	2.1899840228392383e-9
18.491	2.1676069550248976e-9
18.501	2.14545884789866e-9
18.511	2.1235373552129847e-9
18.521	2.101840154803281e-9
18.531	2.0803649483403113e-9
18.541	2.0591094610850277e-9
18.551	2.0380714416460547e-9
18.561	2.0172486617395497e-9
18.571	1.99663891595165e-9
18.581	1.9762400215032935e-9
18.591	1.956049818017465e-9
18.601	1.9360661672889085e-9
18.611	1.9162869530561086e-9
18.621	1.8967100807757317e-9
18.631	1.877333477399281e-9
18.641	1.858155091152163e-9
18.651	1.839172891314919e-9
18.661	1.820384868006811e-9
18.671	1.801789031971576e-9
18.681	1.7833834143653785e-9
18.691	1.7651660665470196e-9
18.701	1.747135059870209e-9
18.711	1.7292884854780737e-9
18.721	1.7116244540996894e-9
18.731	1.694141095848798e-9
18.741	1.676836560024534e-9
18.751	1.6597090149142095e-9
18.761	1.6427566475981837e-9
18.771	1.6259776637566589e-9
18.781	1.6093702874785552e-9
18.791	1.5929327610722652e-9
18.801	1.5766633448784453e-9
18.811	1.5605603170846462e-9
18.821	1.5446219735419382e-9
18.831	1.5288466275833646e-9
18.841	1.513232609844269e-9
18.851	1.4977782680845242e-9
18.861	1.4824819670125143e-9
18.871	1.467342088111009e-9
18.881	1.4523570294647516e-9
18.891	1.4375252055899038e-9
18.901	1.422845047265162e-9
18.911	1.4083150013646927e-9
18.921	1.3939335306927346e-9
18.931	1.379699113819903e-9
18.941	1.3656102449212331e-9
18.951	1.3516654336158108e-9
18.961	1.3378632048081386e-9
18.971	1.3242020985310533e-9
18.981	1.3106806697903332e-9
18.991	1.2972974884108564e-9
19.001	1.2840511388843483e-9
19.011	1.270940220218734e-9
19.021	1.2579633457889795e-9
19.031	1.2451191431895382e-9
19.041	1.2324062540882431e-9
19.051	1.2198233340817759e-9
19.061	1.207369052552553e-9
19.071	1.195042092527149e-9
19.081	1.1828411505361327e-9
19.091	1.1707649364753512e-9
19.101	1.1588121734686754e-9
19.111	1.1469815977321036e-9
19.121	1.1352719584393234e-9
19.131	1.1236820175885961e-9
19.141	1.1122105498710713e-9
19.151	1.1008563425403981e-9
19.161	1.0896181952837311e-9
19.171	1.07849492009403e-9
19.181	1.0674853411436698e-9
19.191	1.0565882946593905e-9
19.201	1.0458026287984777e-9
19.211	1.0351272035262758e-9
19.221	1.0245608904949022e-9
19.231	1.0141025729232665e-9
19.241	1.0037511454782841e-9
19.251	9.93505514157314e-10
19.261	9.833645961718427e-10
19.271	9.733273198323094e-10
19.281	9.633926244341734e-10
19.291	9.53559460145098e-10
19.301	9.438267878933486e-10
19.311	9.341935792572874e-10
19.321	9.246588163560505e-10
19.331	9.152214917413218e-10
19.341	9.058806082902151e-10
19.351	8.966351790992933e-10
19.361	8.8748422737963e-10
19.371	8.784267863529982e-10
19.381	8.694618991490797e-10
19.391	8.605886187037796e-10
19.401	8.518060076585368e-10
19.411	8.431131382607187e-10
19.421	8.345090922650059e-10
19.431	8.259929608357948e-10
19.441	8.175638444506309e-10
19.451	8.092208528045927e-10
19.461	8.009631047157045e-10
19.471	7.927897280312763e-10
19.481	7.846998595352486e-10
19.491	7.76692644856463e-10
19.501	7.687672383778754e-10
19.511	7.609228031467301e-10
19.521	7.531585107856163e-10
19.531	7.454735414044838e-10
19.541	7.378670835135179e-10
19.551	7.303383339369556e-10
19.561	7.228864977277429e-10
19.571	7.15510788083111e-10
19.581	7.082104262609925e-10
19.591	7.009846414972981e-10
19.601	6.938326709240693e-10
19.611	6.867537594884341e-10
19.621	6.797471598724352e-10
19.631	6.728121324136454e-10
19.641	6.659479450266334e-10
19.651	6.591538731252035e-10
19.661	6.524291995454671e-10
19.671	6.45773214469682e-10
19.681	6.391852153508745e-10
19.691	6.326645068382603e-10
19.701	6.262104007033963e-10
19.711	6.198222157671283e-10
19.721	6.134992778272535e-10
19.731	6.0724091958696e-10
19.741	6.010464805839792e-10
19.751	5.949153071204669e-10
19.761	5.88846752193626e-10
19.771	5.828401754270109e-10
19.781	5.768949430025704e-10
19.791	5.710104275933573e-10
19.801	5.651860082969604e-10
19.811	5.594210705695899e-10
19.821	5.537150061608691e-10
19.831	5.480672130492757e-10
19.841	5.42477095378249e-10
19.851	5.369440633929698e-10
19.861	5.314675333777633e-10
19.871	5.260469275941747e-10
19.881	5.206816742196513e-10
19.891	5.15371207286883e-10
19.901	5.101149666237396e-10
19.911	5.04912397793849e-10
19.921	4.997629520377696e-10
19.931	4.946660862147678e-10
19.941	4.896212627452092e-10
19.951	4.846279495535167e-10
19.961	4.796856200117433e-10
19.971	4.747937528836943e-10
19.981	4.699518322696511e-10
19.991	4.651593475516462e-10