0.0010000000000000002	1.3312e-23
0.0010069316688518046	1.3312e-23
0.0010139113857366795	1.3056000000000001e-23
0.0010209394837076803	1.28e-23
0.0010280162981264741	1.2544e-23
0.001035142166679344	1.2544e-23
0.0010423174293933046	1.2288e-23
0.001049542428652322	1.2032000000000001e-23
0.0010568175092136587	1.2032000000000001e-23
0.0010641430182243166	1.1776e-23
0.0010715193052376064	1.1648e-23
0.001078946722229829	1.152e-23
0.0010864256236170662	1.1264e-23
0.001093956366272094	1.1264e-23
0.0011015393095414154	1.1008000000000001e-23
0.0011091748152624009	1.0880000000000002e-23
0.0011168632477805613	1.0752e-23
0.001124604973966927	1.0496e-23
0.0011324003632355569	1.0496e-23
0.001140249787561169	1.024e-23
0.0011481536214968833	1.024e-23
0.0011561122421920988	9.984000000000001e-24
0.0011641260294104918	9.856000000000001e-24
0.0011721953655481313	9.728e-24
0.0011803206356517297	9.6e-24
0.001188502227437019	9.472e-24
0.0011967405313072434	9.344e-24
0.0012050359403717977	9.216e-24
0.0012133888504649768	9.088e-24
0.0012217996601648717	8.960000000000001e-24
0.0012302687708123819	8.832000000000001e-24
0.0012387965865303687	8.704e-24
0.001247383514242943	8.575999999999999e-24
0.0012560299636948742	8.448e-24
0.001264736347471151	8.32e-24
0.0012735030810166617	8.192e-24
0.001282330582656021	8.192e-24
0.001291219273613534	7.936000000000001e-24
0.0013001695780332906	7.936000000000001e-24
0.0013091819229994065	7.808000000000001e-24
0.001318256738556407	7.68e-24
0.0013273944577297386	7.551999999999999e-24
0.0013365955165464418	7.424e-24
0.0013458603540559483	7.424e-24
0.0013551894123510354	7.296e-24
0.0013645831365889244	7.168e-24
0.0013740419750125155	7.04e-24
0.0013835663789717803	6.912000000000001e-24
0.0013931568029453031	6.912000000000001e-24
0.0014028137045619586	6.784000000000001e-24
0.001412537544622754	6.656e-24
0.0014223287871228199	6.656e-24
0.001432187899273544	6.5280000000000006e-24
0.0014421153515248683	6.4e-24
0.0014521116175877425	6.272e-24
0.0014621771744567189	6.272e-24
0.0014723125024327186	6.144e-24
0.0014825180851459538	6.0160000000000006e-24
0.0014927944095789957	6.0160000000000006e-24
0.0015031419660900222	5.888e-24
0.0015135612484362085	5.824e-24
0.0015240527537972908	5.76e-24
0.0015346169827992944	5.632e-24
0.0015452544395384144	5.632e-24
0.001555965631605074	5.5040000000000006e-24
0.0015667510701081494	5.440000000000001e-24
0.001577611269699348	5.376e-24
0.0015885467485977787	5.248e-24
0.0015995580286146693	5.248e-24
0.00161064563517827	5.12e-24
0.00162181009735893	5.12e-24
0.0016330519478943348	4.9920000000000006e-24
0.0016443717232149312	4.928000000000001e-24
0.0016557699634695282	4.864e-24
0.0016672472125510635	4.8e-24
0.00167880401812256	4.736e-24
0.0016904409316432646	4.672e-24
0.0017021585083949514	4.608e-24
0.0017139573075084253	4.544e-24
0.0017258378919902042	4.4800000000000005e-24
0.0017378008287493765	4.416000000000001e-24
0.001749846688624657	4.352e-24
0.00176197604641163	4.2879999999999996e-24
0.0017741894808901654	4.224e-24
0.001786487574852051	4.16e-24
0.0017988709151287887	4.096e-24
0.0018113400926196024	4.096e-24
0.0018238957023196383	4.032e-24
0.0018365383433483476	3.9680000000000005e-24
0.0018492686189780783	3.904000000000001e-24
0.001862087136662868	3.84e-24
0.0018749945080674183	3.7759999999999996e-24
0.0018879913490962936	3.712e-24
0.0019010782799233007	3.712e-24
0.0019142559250210855	3.648e-24
0.0019275249131909364	3.584e-24
0.001940885877592779	3.52e-24
0.0019543394557753947	3.4560000000000005e-24
0.001967886289706845	3.4560000000000005e-24
0.0019815270258050992	3.392000000000001e-24
0.00199526231496888	3.328e-24
0.0020090928126087287	3.328e-24
0.002023019178678273	3.2640000000000003e-24
0.0020370420777057184	3.2e-24
0.0020511621788255664	3.136e-24
0.002065380155810531	3.136e-24
0.0020796966871036962	3.072e-24
0.002094112455850894	3.0080000000000003e-24
0.0021086281499332893	3.0080000000000003e-24
0.00212324446200022	2.944e-24
0.0021379620895022335	2.912e-24
0.0021527817347243732	2.88e-24
0.002167704104819696	2.816e-24
0.002182729911843003	2.816e-24
0.0021978598727848252	2.7520000000000003e-24
0.0022130947096056387	2.7200000000000004e-24
0.0022284351492703035	2.688e-24
0.002243881923782767	2.624e-24
0.002259435770220979	2.624e-24
0.0022750974307720706	2.56e-24
0.0022908676527677737	2.56e-24
0.002306747188720071	2.4960000000000003e-24
0.002322736796357107	2.4640000000000004e-24
0.002338837238659356	2.432e-24
0.0023550492838960114	2.4e-24
0.002371373705661656	2.368e-24
0.0023878112829131787	2.336e-24
0.0024043628000069354	2.304e-24
0.002421029046736179	2.272e-24
0.002437810818368754	2.2400000000000003e-24
0.002454708915685033	2.2080000000000004e-24
0.0024717241450161313	2.176e-24
0.0024888573182823928	2.1439999999999998e-24
0.002506109253032114	2.112e-24
0.002523480772480576	2.08e-24
0.002540972705549307	2.048e-24
0.0025585858869056465	2.048e-24
0.0025763211570025766	1.9840000000000003e-24
0.0025941793621188165	1.9840000000000003e-24
0.002612161354399207	1.9520000000000004e-24
0.0026302679918953835	1.92e-24
0.002648500138606701	1.8879999999999998e-24
0.002666858664521481	1.856e-24
0.0026853444456585093	1.856e-24
0.0027039583641088444	1.824e-24
0.002722701308077914	1.792e-24
0.002741574171927885	1.76e-24
0.0027605778562203465	1.7280000000000003e-24
0.0027797132677592905	1.7280000000000003e-24
0.0027989813196343653	1.6960000000000003e-24
0.002818382931264455	1.664e-24
0.0028379190284415555	1.664e-24
0.002857590543374947	1.6320000000000002e-24
0.002877398414735668	1.6e-24
0.0028973435877013226	1.568e-24
0.0029174270140011676	1.568e-24
0.00293764965196153	1.536e-24
0.002958012466551546	1.5040000000000001e-24
0.002978516429429188	1.5040000000000001e-24
0.0029991625189876503	1.472e-24
0.0030199517204020166	1.456e-24
0.0030408850256762776	1.44e-24
0.0030619634336906767	1.408e-24
0.0030831879502493547	1.408e-24
0.0031045595881283544	1.3760000000000001e-24
0.003126079367123955	1.344e-24
0.0031477483141013137	1.344e-24
0.00316956746304349	1.312e-24
0.003191537855100762	1.312e-24
0.0032136605386403156	1.28e-24
0.003235936569296282	1.2640000000000001e-24
0.0032583670100200884	1.2480000000000001e-24
0.003280952931131189	1.2320000000000002e-24
0.0033036954103681476	1.216e-24
0.0033265955329400457	1.2e-24
0.0033496543915782755	1.184e-24
0.0033728730865886887	1.168e-24
0.0033962527259040853	1.152e-24
0.0034197944251370877	1.136e-24
0.003443499307633385	1.1200000000000001e-24
0.003467368504525318	1.1040000000000002e-24
0.003491403154785861	1.088e-24
0.003515604405282982	1.0719999999999999e-24
0.0035399734108343454	1.056e-24
0.003564511334262442	1.04e-24
0.003589219346450053	1.024e-24
0.0036140986263961316	1.008e-24
0.003639150361272071	9.920000000000001e-25
0.003664375746478334	9.920000000000001e-25
0.0036897759857015024	9.760000000000002e-25
0.0037153522909717258	9.6e-25
0.003741105882720532	9.439999999999999e-25
0.0037670379898390883	9.28e-25
0.00379314984973682	9.28e-25
0.0038194427084004643	9.12e-25
0.0038459178204535358	8.96e-25
0.0038725764492161733	8.8e-25
0.003899419866765433	8.640000000000001e-25
0.003926449353995999	8.640000000000001e-25
0.00395366620068128	8.480000000000002e-25
0.003981071705534972	8.32e-25
0.004008667176273029	8.160000000000001e-25
0.004036453929676052	8.160000000000001e-25
0.004064433291652127	8.e-25
0.00409260659730011	7.84e-25
0.004120975190973305	7.84e-25
0.00414954042634363	7.68e-25
0.004178303666466219	7.520000000000001e-25
0.00420726628384444	7.520000000000001e-25
0.004236429660495412	7.36e-25
0.0042657951880159285	7.2e-25
0.004295364267648872	7.2e-25
0.004325138310350088	7.04e-25
0.004355118736855688	6.9600000000000005e-25
0.004385306977749857	6.880000000000001e-25
0.004415704473533126	6.72e-25
0.004446312674691086	6.72e-25
0.004477133041763626	6.56e-25
0.004508167045414603	6.48e-25
0.004539416166502031	6.4e-25
0.004570881896148751	6.3200000000000005e-25
0.004602565735813562	6.240000000000001e-25
0.00463446919736288	6.08e-25
0.004666593803142887	6.08e-25
0.004698941086052157	5.92e-25
0.004731512589614805	5.92e-25
0.0047643098680541585	5.76e-25
0.004797334486366894	5.76e-25
0.004830588020397727	5.600000000000001e-25
0.004864072056914618	5.600000000000001e-25
0.004897788193684465	5.44e-25
0.00493173803954936	5.44e-25
0.0049659232145033635	5.3599999999999995e-25
0.005000345349769785	5.28e-25
0.005035006087879049	5.2e-25
0.005069907082747046	5.12e-25
0.005105049999754063	5.04e-25
0.005140436515824263	4.960000000000001e-25
0.00517606831950568	4.880000000000001e-25
0.0052119471110508055	4.8e-25
0.005248074602497728	4.8e-25
0.0052844525177518035	4.7199999999999995e-25
0.005321082592667944	4.64e-25
0.005357966575133419	4.56e-25
0.005395106225151276	4.48e-25
0.005432503314924334	4.48e-25
0.005470159628939719	4.4e-25
0.005508076964054034	4.320000000000001e-25
0.00554625712957911	4.240000000000001e-25
0.005584701947368312	4.240000000000001e-25
0.005623413251903492	4.16e-25
0.0056623928903825355	4.0800000000000004e-25
0.0057016427228074795	4.e-25
0.005741164622073277	4.e-25
0.005780960474057184	3.92e-25
0.0058210321777087196	3.84e-25
0.00586138164514029	3.84e-25
0.005902010801718447	3.7600000000000004e-25
0.005942921586155728	3.68e-25
0.005984115950603199	3.68e-25
0.006025595860743582	3.6e-25
0.006067363295885055	3.56e-25
0.006109420249055724	3.52e-25
0.006151768727098687	3.4400000000000004e-25
0.006194410750767816	3.4400000000000004e-25
0.006237348354824196	3.36e-25
0.0062805835881331795	3.32e-25
0.006324118513762197	3.28e-25
0.006367955209079163	3.2e-25
0.006412095765851617	3.2e-25
0.0064565422903465584	3.1200000000000003e-25
0.006501296903430912	3.1200000000000003e-25
0.006546361740672751	3.04e-25
0.006591738952443217	3.04e-25
0.0066374307040190945	2.96e-25
0.006683439175686148	2.92e-25
0.0067297665628431765	2.88e-25
0.006776415076106751	2.84e-25
0.006823386941416693	2.8000000000000003e-25
0.0068706844001423205	2.7600000000000005e-25
0.006918309709189366	2.72e-25
0.006966265141107685	2.6799999999999998e-25
0.0070145529841997125	2.64e-25
0.007063175542629615	2.64e-25
0.0071121351365332885	2.56e-25
0.007161434102129021	2.56e-25
0.007211074791828993	2.52e-25
0.007261059574351546	2.4800000000000003e-25
0.007311390834834176	2.4400000000000004e-25
0.007362070974947358	2.4e-25
0.007413102413009174	2.3599999999999997e-25
0.007464487584100661	2.32e-25
0.007516228940182053	2.32e-25
0.007568328950209743	2.28e-25
0.007620790100254116	2.24e-25
0.007673614893618188	2.2e-25
0.007726805850957024	2.1600000000000003e-25
0.007780365510398036	2.1600000000000003e-25
0.007834296427662117	2.1200000000000004e-25
0.007888601176185546	2.08e-25
0.007943282347242812	2.08e-25
0.007998342550070283	2.0400000000000002e-25
0.008053784411990669	2.e-25
0.008109610578538406	1.96e-25
0.008165823713585924	1.96e-25
0.008222426499470714	1.92e-25
0.00827942163712334	1.8800000000000002e-25
0.008336811846196343	1.8800000000000002e-25
0.008394599865193971	1.84e-25
0.008452788451602898	1.8e-25
0.008511380382023767	1.8e-25
0.008570378452303693	1.76e-25
0.008629785477669703	1.7400000000000001e-25
0.00868960429286302	1.7200000000000002e-25
0.008749837752274359	1.68e-25
0.008810488730080142	1.68e-25
0.008871560120379604	1.64e-25
0.00893305483733295	1.62e-25
0.008994975815300354	1.6e-25
0.009057326008981998	1.5800000000000001e-25
0.009120108393559097	1.5600000000000002e-25
0.009183325964835811	1.52e-25
0.009246981739382223	1.52e-25
0.009311078754678303	1.48e-25
0.009375620069258806	1.48e-25
0.009440608762859232	1.44e-25
0.009506047936562815	1.44e-25
0.00957194071294845	1.4000000000000002e-25
0.009638290236239704	1.4000000000000002e-25
0.009705099672454899	1.36e-25
0.009772372209558112	1.36e-25
0.009840111057611338	1.32e-25
0.009908319448927679	1.32e-25
0.009977000638225531	1.3e-25
0.010046157902783952	1.28e-25
0.01011579454259899	1.26e-25
0.010185913880541167	1.2400000000000002e-25
0.010256519262514079	1.2200000000000002e-25
0.01032761405761398	1.2e-25
0.01039920165829059	1.2e-25
0.010471285480508997	1.1799999999999999e-25
0.010543868963912585	1.16e-25
0.010616955571987247	1.14e-25
0.010690548792226582	1.12e-25
0.010764652136298347	1.12e-25
0.010839269140212037	1.1e-25
0.01091440336448757	1.0800000000000002e-25
0.010990058394325208	1.0600000000000002e-25
0.011066237839776666	1.04e-25
0.011142945335917306	1.04e-25
0.011220184543019634	1.0200000000000001e-25
0.011297959146727982	1.e-25
0.011376272858234315	1.e-25
0.011455129414455357	9.8e-26
0.011534532578210927	9.6e-26
0.011614486138403437	9.500000000000001e-26
0.011694993910198712	9.400000000000001e-26
0.011776059735208079	9.2e-26
0.0118576874816716	9.1e-26
0.011939881044642735	9.e-26
0.012022644346174135	8.8e-26
0.012105981335504824	8.8e-26
0.01218989598924867	8.600000000000001e-26
0.012274392311584082	8.4e-26
0.012359474334445106	8.4e-26
0.012445146117713857	8.2e-26
0.012531411749414158	8.2e-26
0.01261827534590671	8.e-26
0.012705741052085422	7.900000000000001e-26
0.012793813041575246	7.800000000000001e-26
0.012882495516931344	7.700000000000001e-26
0.012971792709839567	7.6e-26
0.013061708881318416	7.4e-26
0.013152248321922388	7.4e-26
0.013243415351946656	7.2e-26
0.013335214321633242	7.2e-26
0.013427649611378645	7.000000000000001e-26
0.013520725631942784	7.000000000000001e-26
0.013614446824659503	6.8e-26
0.013708817661648545	6.8e-26
0.01380384264602886	6.6e-26
0.013899526312133537	6.6e-26
0.01399587322572619	6.5e-26
0.014092887984218748	6.4e-26
0.014190575216890928	6.3e-26
0.01428893958511104	6.200000000000001e-26
0.014387985782558456	6.100000000000001e-26
0.014487718535447624	6.e-26
0.014588142602753497	6.e-26
0.014689262776438672	5.899999999999999e-26
0.014791083881682083	5.8e-26
0.014893610777109153	5.7e-26
0.01499684835502374	5.6e-26
0.015100801541641494	5.5e-26
0.015205475297324958	5.5e-26
0.015310874616820309	5.400000000000001e-26
0.015417004529495605	5.300000000000001e-26
0.015523870099580827	5.2e-26
0.01563147642640955	5.2e-26
0.01573982864466221	5.1000000000000005e-26
0.01584893192461114	5.e-26
0.015958791472367322	4.9e-26
0.016069412530128776	4.9e-26
0.01618080037643065	4.8e-26
0.01629296032639722	4.7000000000000005e-26
0.016405897731995394	4.7000000000000005e-26
0.016519617982290142	4.6e-26
0.016634126503701694	4.5e-26
0.016749428760264362	4.5e-26
0.016865530253887408	4.4e-26
0.016982436524617443	4.3500000000000003e-26
0.017100153150902866	4.3000000000000005e-26
0.017218685749860067	4.2e-26
0.01733803997754138	4.2e-26
0.01745822152920503	4.1e-26
0.017579236139586923	4.05e-26
0.0177010895831742	4.e-26
0.01782378767448089	3.9000000000000004e-26
0.017947336268325266	3.9000000000000004e-26
0.01807174126010926	3.8e-26
0.01819700858609983	3.8e-26
0.018323144223712107	3.7e-26
0.018450154191794736	3.65e-26
0.01857804455091698	3.6e-26
0.018706821403658	3.55e-26
0.018836490894897997	3.5000000000000004e-26
0.01896705921211146	3.4500000000000006e-26
0.019098532585662378	3.4e-26
0.019230917289101587	3.3499999999999997e-26
0.019364219639466072	3.3e-26
0.019498445997580452	3.25e-26
0.019633602768360462	3.2e-26
0.01976969640111861	3.2e-26
0.019906733389871867	3.1000000000000004e-26
0.02004472027365161	3.1000000000000004e-26
0.020183663636815605	3.0500000000000005e-26
0.02032357010936222	3.e-26
0.02046444636724674	2.9499999999999997e-26
0.0206062991327	2.9e-26
0.020749135174549092	2.85e-26
0.020892961308540396	2.8e-26
0.021037784397664752	2.8e-26
0.021183611352485015	2.75e-26
0.021330449131465756	2.7000000000000004e-26
0.02147830474130534	2.6500000000000005e-26
0.0216271852372702	2.6500000000000005e-26
0.021777097723531584	2.6e-26
0.02192804935350449	2.5500000000000002e-26
0.022080047330189	2.5e-26
0.02223309890651403	2.5e-26
0.022387211385683392	2.45e-26
0.022542392121524295	2.4e-26
0.022698648518838217	2.4e-26
0.02285598803375431	2.3500000000000002e-26
0.02301441817408509	2.3e-26
0.023173946499684787	2.275e-26
0.023334580622810026	2.25e-26
0.02349632820848308	2.2e-26
0.023659196974857587	2.2e-26
0.023823194693586902	2.1500000000000002e-26
0.023988329190194904	2.1e-26
0.02415460834444941	2.1e-26
0.024322040090738156	2.05e-26
0.024490632418447456	2.025e-26
0.02466039337234339	2.e-26
0.024831331052955707	1.9500000000000002e-26
0.025003453616964315	1.9500000000000002e-26
0.025176769277588554	1.9e-26
0.025351286304979074	1.9e-26
0.025527013026612474	1.85e-26
0.02570395782768864	1.825e-26
0.025882129151530913	1.8e-26
0.026061535499988964	1.775e-26
0.02624218543384442	1.7500000000000002e-26
0.026424087573219467	1.7250000000000003e-26
0.026607250597988095	1.7e-26
0.026791683248190326	1.6749999999999998e-26
0.026977394324449205	1.65e-26
0.02716439268839084	1.625e-26
0.02735268726306713	1.6e-26
0.02754228703338167	1.575e-26
0.02773320104651841	1.5500000000000002e-26
0.027925438412373393	1.5500000000000002e-26
0.028119008303989414	1.5e-26
0.0283139199579938	1.5e-26
0.028510182675039096	1.4749999999999998e-26
0.028707805820246922	1.45e-26
0.028906798823654767	1.425e-26
0.02910717118066606	1.4e-26
0.02930893245250321	1.4e-26
0.029512092266663868	1.375e-26
0.02971666031738027	1.3500000000000002e-26
0.029922646366081898	1.3250000000000003e-26
0.030130060241861215	1.3e-26
0.030338911841942717	1.3e-26
0.03054921113215514	1.2750000000000001e-26
0.030760968147407086	1.25e-26
0.030974192992165816	1.225e-26
0.031188895840939382	1.225e-26
0.03140508693876218	1.2e-26
0.0316227766016838	1.1750000000000001e-26
0.031841975217261245	1.15e-26
0.03206269324505465	1.15e-26
0.03228494121712636	1.125e-26
0.03250872973854344	1.1125e-26
0.03273406948788382	1.1e-26
0.03296097121774577	1.0750000000000001e-26
0.033189445755261046	1.0750000000000001e-26
0.03341950400261143	1.05e-26
0.03365115693754907	1.025e-26
0.03388441561392025	1.025e-26
0.03411929116219286	1.e-26
0.034355794789987466	9.875000000000001e-27
0.03459393778261219	9.750000000000001e-27
0.034833731503601174	9.5e-27
0.03507518739525681	9.5e-27
0.0353183169791957	9.25e-27
0.03556313185689853	9.25e-27
0.03580964371026359	9.e-27
0.03605786430216425	8.875e-27
0.03630780547701013	8.750000000000001e-27
0.03655947916131248	8.625000000000001e-27
0.03681289736425315	8.5e-27
0.037068072178257604	8.374999999999999e-27
0.037325015779572056	8.25e-27
0.03758374042884441	8.125e-27
0.03784425847170934	8.e-27
0.038106582339377304	7.875e-27
0.038370724549227894	7.750000000000001e-27
0.038636697705406925	7.625000000000001e-27
0.03890451449942806	7.5e-27
0.03917418771077831	7.5e-27
0.039445730207527854	7.25e-27
0.039719154946944044	7.25e-27
0.03999447497610975	7.125e-27
0.04027170343254591	7.e-27
0.040550853544838394	6.875e-27
0.04083193863326922	6.750000000000001e-27
0.04111497211045223	6.750000000000001e-27
0.04139996748197304	6.625000000000001e-27
0.041686938347033554	6.5e-27
0.041975898399100764	6.3750000000000006e-27
0.0422668614265603	6.25e-27
0.04255984131337431	6.25e-27
0.042854852039743964	6.125e-27
0.043151907682776526	6.e-27
0.043451022417157155	5.8750000000000006e-27
0.04375221051582522	5.8750000000000006e-27
0.04405548635065534	5.75e-27
0.04436086439314326	5.625e-27
0.044668359215096314	5.625e-27
0.04497798548932879	5.5e-27
0.04528975799036206	5.3750000000000006e-27
0.04560369159512962	5.312500000000001e-27
0.04591980128368686	5.25e-27
0.046238102139926025	5.125e-27
0.04655860935229588	5.125e-27
0.04688133821452652	5.e-27
0.04720630412635905	4.8750000000000005e-27
0.04753352259428052	4.8750000000000005e-27
0.047863009232263824	4.75e-27
0.048194779762512734	4.6875e-27
0.0485288500162121	4.625e-27
0.04886523593428335	4.5e-27
0.049203953568145074	4.5e-27
0.04954501908047902	4.3750000000000005e-27
0.049888448746001214	4.3750000000000005e-27
0.050234258952238695	4.25e-27
0.05058246620031139	4.1874999999999996e-27
0.05093308710571954	4.125e-27
0.05128613839913648	4.0625e-27
0.05164163692720709	4.e-27
0.0519995996533516	3.9375e-27
0.05236004365857502	3.8750000000000005e-27
0.05272298614228227	3.812500000000001e-27
0.05308844442309882	3.75e-27
0.05345643593969717	3.6874999999999996e-27
0.053826978251628826	3.625e-27
0.0542000890401624	3.5625e-27
0.054575786109127104	3.5e-27
0.054954087385762455	3.4375e-27
0.05533501092157367	3.3750000000000005e-27
0.055718574893193	3.3750000000000005e-27
0.056104797603247054	3.25e-27
0.05649369748123025	3.25e-27
0.05688529308438414	3.1875000000000003e-27
0.05727960309858293	3.125e-27
0.057676646339225084	3.0625e-27
0.058076441752131204	3.e-27
0.058479008414448065	3.e-27
0.05888436553555891	2.9375000000000003e-27
0.05929253245799999	2.875e-27
0.05970352865838369	2.8125e-27
0.0601173737483278	2.75e-27
0.060534087475391365	2.75e-27
0.06095368972401692	2.6875000000000003e-27
0.061376200516479414	2.625e-27
0.061801640013841606	2.5625e-27
0.062230028516915954	2.5625e-27
0.06266138646723354	2.5e-27
0.06309573444801932	2.4375000000000003e-27
0.06353309318517439	2.4375000000000003e-27
0.06397348354826482	2.375e-27
0.06441692655151776	2.3125e-27
0.06486344335482386	2.3125e-27
0.06531305526474725	2.25e-27
0.06576578373554205	2.1875000000000003e-27
0.06622165037017622	2.1875000000000003e-27
0.06668067692136223	2.125e-27
0.06714288529259525	2.0937499999999998e-27
0.06760829753919818	2.0625e-27
0.06807693586937417	2.e-27
0.06854882264526617	2.e-27
0.06902398038402421	1.9375000000000003e-27
0.06950243175887968	1.9062500000000003e-27
0.06998419960022738	1.875e-27
0.07046930689671471	1.8125e-27
0.07095777679633888	1.8125e-27
0.07144963260755133	1.75e-27
0.07194489780036997	1.75e-27
0.07244359600749903	1.6875000000000002e-27
0.07294575102545688	1.6562500000000003e-27
0.07345138681571152	1.625e-27
0.0739605275058238	1.5937500000000002e-27
0.07447319739059892	1.5625e-27
0.07498942093324559	1.53125e-27
0.07550922276654343	1.5e-27
0.07603262769401821	1.4687500000000001e-27
0.07655966069112569	1.4375e-27
0.07709034690644305	1.40625e-27
0.0776247116628692	1.375e-27
0.07816278045883299	1.3437500000000001e-27
0.07870457896950991	1.3125e-27
0.07925013304804722	1.3125e-27
0.07979946872679769	1.25e-27
0.08035261221856174	1.25e-27
0.08090958991783828	1.2187500000000001e-27
0.08147042840208399	1.1875e-27
0.08203515443298186	1.15625e-27
0.08260379495771789	1.125e-27
0.08317637711026715	1.125e-27
0.08375292821268829	1.0937500000000001e-27
0.08433347577642757	1.0625e-27
0.0849180475036314	1.03125e-27
0.08550667128846838	1.03125e-27
0.0860993752184601	1.e-27
0.08669618757582169	9.687500000000001e-28
0.08729713683881121	9.375e-28
0.08790225168308848	9.375e-28
0.08851156098308358	9.0625e-28
0.08912509381337458	9.0625e-28
0.08974287945007482	8.75e-28
0.09036494737223011	8.437500000000001e-28
0.09099132726322515	8.437500000000001e-28
0.09162204901219996	8.125e-28
0.09225714271547629	8.125e-28
0.0928966386779936	7.8125e-28
0.09354056741475518	7.65625e-28
0.09418895965228412	7.5e-28
0.09484184633008969	7.343750000000001e-28
0.09549925860214355	7.1875e-28
0.09616122783836645	7.03125e-28
0.09682778562612489	6.875e-28
0.09749896377173865	6.875e-28
0.0981747943019984	6.718750000000001e-28
0.09885530946569386	6.5625e-28
0.09954054173515267	6.40625e-28
0.10023052380778992	6.25e-28
0.10092528860766839	6.093750000000001e-28
0.10162486928706954	6.093750000000001e-28
0.10232929922807538	5.9375e-28
0.10303861204416156	5.78125e-28
0.10375284158180124	5.625e-28
0.10447202192207998	5.625e-28
0.10519618738232225	5.468750000000001e-28
0.10592537251772884	5.3125e-28
0.10665961212302577	5.3125e-28
0.10739894123412445	5.15625e-28
0.1081433951297938	5.078125e-28
0.10889300933334334	5.e-28
0.10964781961431848	4.843750000000001e-28
0.11040786199020729	4.843750000000001e-28
0.11117317272815913	4.6875e-28
0.11194378834671515	4.6875e-28
0.11271974561755102	4.53125e-28
0.11350108156723147	4.53125e-28
0.11428783347897717	4.375e-28
0.11508003889444357	4.296875e-28
0.11587773561551258	4.218750000000001e-28
0.11668096170609621	4.218750000000001e-28
0.11748975549395295	4.0625e-28
0.11830415557251646	4.0625e-28
0.11912420080273746	3.90625e-28
0.11994993031493784	3.90625e-28
0.12078138351067802	3.828125e-28
0.12161860006463679	3.75e-28
0.12246161992650484	3.6718750000000004e-28
0.12331048332289092	3.59375e-28
0.1241652307592411	3.59375e-28
0.125025903021772	3.515625e-28
0.12589254117941667	3.4375e-28
0.12676518658578456	3.3593750000000004e-28
0.12764388088113438	3.3593750000000004e-28
0.12852866599436158	3.28125e-28
0.12941958414499863	3.203125e-28
0.13031667784522993	3.203125e-28
0.1312199899019203	3.125e-28
0.13212956341865756	3.0468750000000003e-28
0.1330454417978091	3.0468750000000003e-28
0.1339676687425935	2.96875e-28
0.13489628825916533	2.890625e-28
0.1358313446587154	2.890625e-28
0.13677288255958492	2.8125e-28
0.13772094688939465	2.7734375e-28
0.13867558288718887	2.7343750000000003e-28
0.13963683610559374	2.6953125000000004e-28
0.1406047524129914	2.65625e-28
0.14157937799570816	2.578125e-28
0.14256075936021884	2.578125e-28
0.1435489433353656	2.5e-28
0.14454397707459277	2.5e-28
0.1455459080581966	2.4218750000000003e-28
0.14655478409559117	2.4218750000000003e-28
0.14757065332758948	2.34375e-28
0.1485935642287007	2.34375e-28
0.14962356560944337	2.3046874999999998e-28
0.15066070661867423	2.265625e-28
0.15170503674593372	2.2265625e-28
0.1527566058238073	2.1875e-28
0.15381546403030352	2.1484375e-28
0.15488166189124816	2.1093750000000003e-28
0.1559552502826954	2.1093750000000003e-28
0.15703628043335527	2.03125e-28
0.15812480392703837	2.03125e-28
0.15922087270511703	1.9921875000000002e-28
0.16032453906900418	1.953125e-28
0.16143585568264865	1.9140625e-28
0.16255487557504844	1.9140625e-28
0.16368165214278088	1.875e-28
0.16481623915255086	1.8359375000000002e-28
0.16595869074375608	1.796875e-28
0.1671090614310708	1.796875e-28
0.16826740610704677	1.7578125e-28
0.16943378004473286	1.71875e-28
0.1706082389003124	1.71875e-28
0.17179083871575884	1.6796875000000002e-28
0.17298163592151017	1.640625e-28
0.17418068733916145	1.640625e-28
0.17538805018417616	1.6015625e-28
0.17660378206861646	1.6015625e-28
0.17782794100389232	1.5625e-28
0.1790605854035295	1.5234375000000002e-28
0.180301774085957	1.5234375000000002e-28
0.18155156627731361	1.484375e-28
0.18281002161427437	1.484375e-28
0.18407720014689566	1.4453125e-28
0.18535316234148122	1.42578125e-28
0.18663796908346705	1.40625e-28
0.18793168168032692	1.38671875e-28
0.1892343618644976	1.3671875000000002e-28
0.1905460717963248	1.3476562500000002e-28
0.19186687406702901	1.328125e-28
0.1931968317016925	1.3085937499999999e-28
0.19453600816226632	1.2890625e-28
0.19588446735059906	1.26953125e-28
0.19724227361148544	1.25e-28
0.19860949173573722	1.23046875e-28
0.19998618696327447	1.2109375000000002e-28
0.2013724249862389	1.1914062500000002e-28
0.20276827195212832	1.171875e-28
0.204173794466953	1.171875e-28
0.20558905959841423	1.1328125e-28
0.20701413487910428	1.1328125e-28
0.208449088309729	1.11328125e-28
0.20989398836235248	1.09375e-28
0.21134890398366477	1.07421875e-28
0.21281390459827113	1.0546875000000002e-28
0.2142890601120058	1.0546875000000002e-28
0.21577444091526657	1.0351562500000002e-28
0.2172701178863744	1.015625e-28
0.21877616239495518	9.960937500000001e-29
0.22029264630534556	9.960937500000001e-29
0.22181964198002183	9.765625e-29
0.2233572222830531	9.5703125e-29
0.22490546058357802	9.5703125e-29
0.2264644307593059	9.375e-29
0.22803420720004172	9.179687500000001e-29
0.22961486481123614	8.984375e-29
0.23120647901755936	8.984375e-29
0.23280912576650073	8.7890625e-29
0.23442288153199212	8.69140625e-29
0.23604782331805763	8.59375e-29
0.23768402866248756	8.398437500000001e-29
0.23933157564053867	8.398437500000001e-29
0.24099054286865942	8.203125e-29
0.24266100950824146	8.10546875e-29
0.24434305526939706	8.0078125e-29
0.24603676041476263	7.8125e-29
0.24774220576332848	7.8125e-29
0.2494594726942954	7.617187500000001e-29
0.25118864315095796	7.617187500000001e-29
0.25292979964461443	7.421875e-29
0.2546830252585041	7.32421875e-29
0.2564484036517717	7.2265625e-29
0.2582260190634596	7.12890625e-29
0.26001595631652713	7.03125e-29
0.2618183008218985	6.93359375e-29
0.26363313858253795	6.835937500000001e-29
0.26546055619755393	6.738281250000001e-29
0.2673006408663311	6.640625e-29
0.26915348039269155	6.542968749999999e-29
0.2710191631890842	6.4453125e-29
0.272897778280804	6.34765625e-29
0.27478941531023965	6.25e-29
0.27669416454115114	6.25e-29
0.278612116862977	6.054687500000001e-29
0.2805433637951713	6.054687500000001e-29
0.28248799749157066	5.957031250000001e-29
0.28444611074479154	5.859375e-29
0.28641779699065806	5.761718749999999e-29
0.28840315031266056	5.6640625e-29
0.290402265446445	5.6640625e-29
0.2924152377843335	5.56640625e-29
0.2944421633798761	5.46875e-29
0.29648313895243417	5.37109375e-29
0.29853826189179594	5.273437500000001e-29
0.3006076302628231	5.273437500000001e-29
0.3026913428101306	5.175781250000001e-29
0.30478949896279833	5.078125e-29
0.3069021988391158	5.078125e-29
0.30902954325135906	4.9804687500000005e-29
0.3111716337106018	4.8828125e-29
0.31332857243155854	4.78515625e-29
0.3155004623374627	4.78515625e-29
0.31768740706497706	4.6875e-29
0.3198895109691398	4.5898437500000005e-29
0.32210687912834346	4.5898437500000005e-29
0.32433961734934924	4.4921875e-29
0.3265878321723358	4.443359375e-29
0.32885163087598307	4.39453125e-29
0.33113112148259105	4.296875e-29
0.333426412763235	4.296875e-29
0.3357376142429546	4.1992187500000004e-29
0.3380648362059816	4.1503906250000006e-29
0.34040818970100095	4.1015625e-29
0.34276778654645035	4.00390625e-29
0.3451437393358562	4.00390625e-29
0.3475361614432058	3.90625e-29
0.3499451670283573	3.90625e-29
0.35237087104248715	3.8085937500000004e-29
0.35481338923357547	3.8085937500000004e-29
0.35727283815192895	3.7109375e-29
0.3597493351557424	3.7109375e-29
0.36224299841669866	3.61328125e-29
0.3647539469256079	3.61328125e-29
0.36728230049808475	3.515625e-29
0.3698281797802663	3.515625e-29
0.3723917062545686	3.4179687500000004e-29
0.3749730022454836	3.4179687500000004e-29
0.3775721909254161	3.3203125e-29
0.3801893963205613	3.3203125e-29
0.3828247433168227	3.2714843749999997e-29
0.3854783576657719	3.22265625e-29
0.38815036599064834	3.173828125e-29
0.3908408957924021	3.125e-29
0.3935500754557775	3.076171875e-29
0.39627803425543956	3.0273437500000004e-29
0.39902490236214216	3.0273437500000004e-29
0.40179081084894	2.9785156250000005e-29
0.40457589169744274	2.9296875e-29
0.4073802778041128	2.8808593749999997e-29
0.4102041029866069	2.83203125e-29
0.41304750199016144	2.83203125e-29
0.41591061049402217	2.783203125e-29
0.41879356511791843	2.734375e-29
0.4216965034285823	2.685546875e-29
0.4246195639463127	2.685546875e-29
0.427562886151586	2.6367187500000004e-29
0.4305266104917104	2.5878906250000005e-29
0.4335108783875286	2.5390625e-29
0.4365158322401657	2.5390625e-29
0.4395416154378243	2.4902343750000002e-29
0.4425883723626263	2.44140625e-29
0.445656248397503	2.44140625e-29
0.4487453899331319	2.392578125e-29
0.45185594437492216	2.392578125e-29
0.4549880601500483	2.34375e-29
0.45814188671453326	2.2949218750000002e-29
0.46131757456037914	2.2949218750000002e-29
0.4645152752227492	2.24609375e-29
0.46773514128719795	2.2216796875e-29
0.47097732639695267	2.197265625e-29
0.4742419852602444	2.1484375e-29
0.4775292736576906	2.1484375e-29
0.4808393484497283	2.0996093750000002e-29
0.4841723675840991	2.0996093750000002e-29
0.48752849010338606	2.05078125e-29
0.4909078761526028	2.0263671875e-29
0.49431068698683517	2.001953125e-29
0.4977370849789357	1.9775390625e-29
0.501187233627272	1.953125e-29
0.5046612975635282	1.9287109375000001e-29
0.5081594425605603	1.9042968750000002e-29
0.5116818355403076	1.8798828125000003e-29
0.5152286445817563	1.85546875e-29
0.5188000389289609	1.8310546875e-29
0.5223961889991195	1.806640625e-29
0.526017266390706	1.7822265625e-29
0.5296634438916576	1.7578125e-29
0.5333348954876207	1.7578125e-29
0.5370317963702526	1.7089843750000002e-29
0.5407543229455806	1.7089843750000002e-29
0.544502652842421	1.6845703125000003e-29
0.5482769649208535	1.66015625e-29
0.5520774392807571	1.6357421874999999e-29
0.5559042572704034	1.611328125e-29
0.55975760149511	1.611328125e-29
0.5636376558259543	1.5625e-29
0.5675446054085469	1.5625e-29
0.5714786366718668	1.5380859375e-29
0.5754399373371567	1.5136718750000002e-29
0.5794286964268808	1.5136718750000002e-29
0.5834451042737445	1.4892578125000003e-29
0.5874893525297765	1.46484375e-29
0.5915616341754737	1.4404296874999998e-29
0.5956621435290103	1.416015625e-29
0.5997910762555093	1.416015625e-29
0.6039486293763797	1.3916015625e-29
0.6081350012787178	1.3671875e-29
0.6123503917247733	1.3671875e-29
0.6165950018614821	1.3427734375e-29
0.6208690342300635	1.3183593750000002e-29
0.6251726927756857	1.3183593750000002e-29
0.6295061828571975	1.2939453125000003e-29
0.6338697112569268	1.26953125e-29
0.6382634861905485	1.26953125e-29
0.6426877173170196	1.2451171875000001e-29
0.647142615748583	1.2451171875000001e-29
0.6516283940608425	1.220703125e-29
0.6561452663029053	1.1962890625e-29
0.6606934480075959	1.1962890625e-29
0.6652731562017412	1.171875e-29
0.6698846094165263	1.171875e-29
0.6745280276979219	1.1474609375000001e-29
0.6792036326171844	1.1474609375000001e-29
0.6839116472814292	1.123046875e-29
0.6886522963442759	1.11083984375e-29
0.693425806016569	1.0986328125e-29
0.6982324040771712	1.08642578125e-29
0.7030723198838333	1.07421875e-29
0.7079457843841378	1.0620117187500001e-29
0.7128530301265195	1.0498046875000001e-29
0.7177942912713617	1.0375976562500001e-29
0.7227698036021702	1.025390625e-29
0.727779804536824	1.01318359375e-29
0.732824533138904	1.0009765625e-29
0.7379042301291009	9.8876953125e-30
0.7430191378967014	9.765625e-30
0.7481695005111544	9.765625e-30
0.7533555637337174	9.521484375000001e-30
0.7585775750291838	9.521484375000001e-30
0.7638357835776907	9.27734375e-30
0.7691304402866096	9.27734375e-30
0.7744617978025187	9.1552734375e-30
0.7798301105232587	9.033203125e-30
0.7852356346100717	9.033203125e-30
0.7906786279998251	8.7890625e-30
0.7961593504173188	8.7890625e-30
0.8016780633876791	8.6669921875e-30
0.8072350302488381	8.544921875000001e-30
0.8128305161640992	8.544921875000001e-30
0.8184647881347898	8.422851562500001e-30
0.8241381150130023	8.30078125e-30
0.8298507675144224	8.30078125e-30
0.8356030182312479	8.178710937499999e-30
0.841395141645195	8.056640625e-30
0.8472274141405965	7.9345703125e-30
0.8531001140175896	7.9345703125e-30
0.8590135215053959	7.8125e-30
0.8649679187756935	7.6904296875e-30
0.8709635899560808	7.6904296875e-30
0.8770008211436349	7.568359375000001e-30
0.8830799004185629	7.568359375000001e-30
0.8892011178579485	7.446289062500001e-30
0.895364765549594	7.32421875e-30
0.901571137605957	7.32421875e-30
0.9078205301781859	7.202148437499999e-30
0.9141132414702504	7.080078125e-30
0.9204495717531714	7.080078125e-30
0.9268298233793494	6.9580078125e-30
0.9332543007969912	6.9580078125e-30
0.939723310564638	6.8359375e-30
0.9462371613657932	6.8359375e-30
0.952796164023652	6.7138671875e-30
0.9594006315159332	6.7138671875e-30
0.9660508789898136	6.591796875000001e-30
0.9727472237769652	6.591796875000001e-30
0.979489985408699	6.469726562500001e-30
0.9862794856312106	6.469726562500001e-30
0.9931160484209339	6.34765625e-30
1.0000000000000002	6.34765625e-30