0.0058210321777087196	1.5e-25
0.006025595860743582	9.999999999999999e-26
0.006237348354824196	8.125e-26
0.0064565422903465584	6.874999999999999e-26
0.006683439175686148	5.937499999999999e-26
0.006918309709189366	5.3125e-26
0.007161434102129027	4.8437499999999995e-26
0.007413102413009181	4.3749999999999997e-26
0.007673614893618195	3.9843749999999996e-26
0.007943282347242819	3.75e-26
0.008222426499470714	3.4374999999999995e-26
0.008511380382023767	3.2031249999999995e-26
0.008810488730080142	3.046875e-26
0.009120108393559097	2.8515625e-26
0.009440608762859232	2.6953124999999995e-26
0.009772372209558103	2.5390625e-26
0.01011579454259899	2.4218749999999997e-26
0.010471285480508997	2.3046874999999998e-26
0.010839269140212037	2.1874999999999998e-26
0.011220184543019634	2.0898437499999997e-26
0.011614486138403426	1.9921874999999998e-26
0.012022644346174135	1.9140625e-26
0.012445146117713857	1.8164062499999996e-26
0.012882495516931344	1.7382812499999998e-26
0.013335214321633242	1.6796874999999998e-26
0.01380384264602886	1.6015624999999998e-26
0.01428893958511104	1.54296875e-26
0.014791083881682083	1.4843749999999998e-26
0.015310874616820309	1.42578125e-26
0.01584893192461114	1.376953125e-26
0.01640589773199541	1.328125e-26
0.01698243652461746	1.279296875e-26
0.01757923613958694	1.2304687499999998e-26
0.018197008586099846	1.1914062499999999e-26
0.018836490894898025	1.1523437499999999e-26
0.019498445997580476	1.1132812499999999e-26
0.020183663636815632	1.07421875e-26
0.020892961308540414	1.0449218749999998e-26
0.02162718523727021	1.005859375e-26
0.022387211385683402	9.765625e-27
0.023173946499684798	9.47265625e-27
0.023988329190194915	9.179687499999998e-27
0.024831331052955707	8.88671875e-27
0.025703957827688653	8.593749999999999e-27
0.026607250597988106	8.30078125e-27
0.02754228703338167	8.10546875e-27
0.02851018267503911	7.8125e-27
0.029512092266663868	7.6171875e-27
0.030549211132155155	7.373046874999999e-27
0.03162277660168381	7.177734375000001e-27
0.032734069487883835	6.982421875e-27
0.03388441561392028	6.738281249999999e-27
0.03507518739525682	6.54296875e-27
0.03630780547701015	6.396484375e-27
0.03758374042884443	6.201171874999999e-27
0.03890451449942806	6.005859375e-27
0.04027170343254593	5.859374999999999e-27
0.041686938347033554	5.712890625e-27
0.043151907682776526	5.541992187499999e-27
0.044668359215096334	5.37109375e-27
0.046238102139926046	5.224609374999999e-27
0.047863009232263845	5.1025390625e-27
0.04954501908047904	4.9804687499999995e-27
0.051286138399136504	4.833984375e-27
0.05308844442309887	4.6875e-27
0.05495408738576248	4.589843749999999e-27
0.05688529308438416	4.443359375e-27
0.05888436553555893	4.3457031249999995e-27
0.06095368972401695	4.223632812499999e-27
0.06309573444801934	4.1015625e-27
0.06531305526474727	4.0039062499999994e-27
0.06760829753919821	3.90625e-27
0.0699841996002274	3.80859375e-27
0.07244359600749906	3.7109374999999995e-27
0.07498942093324562	3.61328125e-27
0.07762471166286924	3.515625e-27
0.08035261221856178	3.41796875e-27
0.08317637711026715	3.344726562499999e-27
0.0860993752184601	3.2470703124999996e-27
0.08912509381337458	3.173828125e-27
0.09225714271547637	3.1005859374999997e-27
0.09549925860214363	3.0273437499999997e-27
0.09885530946569392	2.9418945312499997e-27
0.10232929922807547	2.86865234375e-27
0.10592537251772893	2.8076171874999998e-27
0.10964781961431853	2.7343749999999998e-27
0.11350108156723153	2.6611328124999998e-27
0.11748975549395295	2.587890625e-27
0.12161860006463683	2.5390625e-27
0.12589254117941673	2.4658203124999997e-27
0.13031667784522993	2.4169921875e-27
0.13489628825916541	2.35595703125e-27
0.1396368361055938	2.2949218749999996e-27
0.1445439770745928	2.2460937499999997e-27
0.14962356560944345	2.18505859375e-27
0.15488166189124827	2.1362304687499996e-27
0.16032453906900426	2.08740234375e-27
0.1659586907437562	2.03857421875e-27
0.17179083871575895	1.9897460937499997e-27
0.1778279410038924	1.94091796875e-27
0.18407720014689574	1.89208984375e-27
0.19054607179632488	1.8554687499999998e-27
0.19724227361148547	1.806640625e-27
0.20417379446695305	1.77001953125e-27
0.21134890398366477	1.72119140625e-27
0.21877616239495537	1.6845703124999997e-27
0.2264644307593061	1.64794921875e-27
0.2344228815319923	1.611328125e-27
0.24266100950824168	1.57470703125e-27
0.2511886431509582	1.5380859374999998e-27
0.26001595631652724	1.507568359375e-27
0.26915348039269166	1.4770507812499999e-27
0.2786121168629771	1.4404296874999999e-27
0.28840315031266067	1.416015625e-27
0.29853826189179605	1.3793945312499998e-27
0.3090295432513591	1.35498046875e-27
0.31988951096913987	1.3244628906249999e-27
0.3311311214825912	1.2939453125e-27
0.3427677865464507	1.26953125e-27
0.3548133892335758	1.2451171874999999e-27
0.36728230049808497	1.220703125e-27
0.38018939632056153	1.1962890625e-27
0.3935500754557778	1.171875e-27
0.40738027780411307	1.1535644531249998e-27
0.4216965034285826	1.1291503906249997e-27
0.4365158322401664	1.11083984375e-27
0.45185594437492266	1.092529296875e-27
0.46773514128719845	1.0742187499999998e-27
0.48417236758409965	1.0559082031249997e-27
0.5011872336272726	1.03759765625e-27
0.5188000389289614	1.025390625e-27
0.537031796370253	1.0070800781249999e-27
0.5559042572704039	9.948730468749998e-28
0.5754399373371573	9.826660156249998e-28
0.5956621435290107	9.70458984375e-28
0.6165950018614824	9.58251953125e-28
0.638263486190549	9.46044921875e-28
0.6606934480075962	9.3994140625e-28
0.6839116472814296	9.33837890625e-28
0.7079457843841381	9.277343749999999e-28
0.7328245331389044	9.216308593749999e-28
0.7585775750291841	9.155273437499998e-28
0.7852356346100726	9.155273437499998e-28
0.8128305161641001	9.155273437499998e-28
0.8413951416451959	9.155273437499998e-28
0.8709635899560815	9.216308593749999e-28
0.9015711376059578	9.277343749999999e-28
0.933254300796992	9.3994140625e-28
0.9660508789898143	9.521484375e-28
1.000000000000001	9.70458984375e-28