0.0010000000000000002	7.4e-24
0.0010069316688518046	7.4e-24
0.0010139113857366795	7.2e-24
0.0010209394837076803	7.2e-24
0.0010280162981264741	7.e-24
0.001035142166679344	7.e-24
0.0010423174293933046	6.8e-24
0.001049542428652322	6.8e-24
0.0010568175092136587	6.6e-24
0.0010641430182243166	6.6e-24
0.0010715193052376064	6.5e-24
0.001078946722229829	6.3999999999999995e-24
0.0010864256236170662	6.299999999999999e-24
0.001093956366272094	6.199999999999999e-24
0.0011015393095414154	6.0999999999999996e-24
0.0011091748152624009	5.999999999999999e-24
0.0011168632477805613	5.999999999999999e-24
0.001124604973966927	5.8999999999999995e-24
0.0011324003632355569	5.8e-24
0.001140249787561169	5.699999999999999e-24
0.0011481536214968833	5.5999999999999996e-24
0.0011561122421920988	5.5999999999999996e-24
0.0011641260294104918	5.5e-24
0.0011721953655481313	5.3999999999999994e-24
0.0011803206356517297	5.3e-24
0.001188502227437019	5.3e-24
0.0011967405313072434	5.2e-24
0.0012050359403717977	5.0999999999999995e-24
0.0012133888504649768	5.e-24
0.0012217996601648717	5.e-24
0.0012302687708123819	4.9e-24
0.0012387965865303687	4.8e-24
0.001247383514242943	4.8e-24
0.0012560299636948742	4.699999999999999e-24
0.001264736347471151	4.5999999999999995e-24
0.0012735030810166617	4.5999999999999995e-24
0.001282330582656021	4.5e-24
0.001291219273613534	4.4499999999999995e-24
0.0013001695780332906	4.399999999999999e-24
0.0013091819229994065	4.2999999999999996e-24
0.001318256738556407	4.2999999999999996e-24
0.0013273944577297386	4.2e-24
0.0013365955165464418	4.15e-24
0.0013458603540559483	4.0999999999999994e-24
0.0013551894123510354	4.e-24
0.0013645831365889244	4.e-24
0.0013740419750125155	3.9e-24
0.0013835663789717803	3.9e-24
0.0013931568029453031	3.7999999999999995e-24
0.0014028137045619586	3.7999999999999995e-24
0.001412537544622754	3.7e-24
0.0014223287871228199	3.65e-24
0.001432187899273544	3.6e-24
0.0014421153515248683	3.55e-24
0.0014521116175877425	3.5e-24
0.0014621771744567189	3.4499999999999994e-24
0.0014723125024327186	3.4e-24
0.0014825180851459538	3.35e-24
0.0014927944095789957	3.3e-24
0.0015031419660900222	3.3e-24
0.0015135612484362085	3.1999999999999998e-24
0.0015240527537972908	3.1999999999999998e-24
0.0015346169827992944	3.1499999999999995e-24
0.0015452544395384144	3.0999999999999997e-24
0.001555965631605074	3.0499999999999998e-24
0.0015667510701081494	2.9999999999999996e-24
0.001577611269699348	2.9499999999999997e-24
0.0015885467485977787	2.9e-24
0.0015995580286146693	2.9e-24
0.00161064563517827	2.8499999999999996e-24
0.00162181009735893	2.7999999999999998e-24
0.0016330519478943348	2.75e-24
0.0016443717232149312	2.75e-24
0.0016557699634695282	2.6999999999999997e-24
0.0016672472125510635	2.65e-24
0.00167880401812256	2.6e-24
0.0016904409316432646	2.6e-24
0.0017021585083949514	2.5499999999999998e-24
0.0017139573075084253	2.5e-24
0.0017258378919902042	2.5e-24
0.0017378008287493765	2.45e-24
0.001749846688624657	2.4e-24
0.00176197604641163	2.3499999999999996e-24
0.0017741894808901654	2.3499999999999996e-24
0.001786487574852051	2.2999999999999997e-24
0.0017988709151287887	2.275e-24
0.0018113400926196024	2.25e-24
0.0018238957023196383	2.1999999999999996e-24
0.0018365383433483476	2.1999999999999996e-24
0.0018492686189780783	2.1499999999999998e-24
0.001862087136662868	2.125e-24
0.0018749945080674183	2.1e-24
0.0018879913490962936	2.0499999999999997e-24
0.0019010782799233007	2.0499999999999997e-24
0.0019142559250210855	2.e-24
0.0019275249131909364	1.975e-24
0.001940885877592779	1.95e-24
0.0019543394557753947	1.925e-24
0.001967886289706845	1.8999999999999998e-24
0.0019815270258050992	1.8749999999999997e-24
0.00199526231496888	1.85e-24
0.0020090928126087287	1.825e-24
0.002023019178678273	1.8e-24
0.0020370420777057184	1.775e-24
0.0020511621788255664	1.75e-24
0.002065380155810531	1.7249999999999997e-24
0.0020796966871036962	1.7e-24
0.002094112455850894	1.675e-24
0.0021086281499332893	1.65e-24
0.00212324446200022	1.625e-24
0.0021379620895022335	1.5999999999999999e-24
0.0021527817347243732	1.5749999999999998e-24
0.002167704104819696	1.5499999999999998e-24
0.002182729911843003	1.5499999999999998e-24
0.0021978598727848252	1.5249999999999999e-24
0.0022130947096056387	1.4999999999999998e-24
0.0022284351492703035	1.4749999999999999e-24
0.002243881923782767	1.45e-24
0.002259435770220979	1.4249999999999998e-24
0.0022750974307720706	1.3999999999999999e-24
0.0022908676527677737	1.3999999999999999e-24
0.002306747188720071	1.375e-24
0.002322736796357107	1.3499999999999999e-24
0.002338837238659356	1.3499999999999999e-24
0.0023550492838960114	1.325e-24
0.002371373705661656	1.3e-24
0.0023878112829131787	1.2749999999999999e-24
0.0024043628000069354	1.2749999999999999e-24
0.002421029046736179	1.25e-24
0.002437810818368754	1.225e-24
0.002454708915685033	1.2e-24
0.0024717241450161313	1.2e-24
0.0024888573182823928	1.1749999999999998e-24
0.002506109253032114	1.1499999999999999e-24
0.002523480772480576	1.1499999999999999e-24
0.002540972705549307	1.125e-24
0.0025585858869056465	1.1124999999999999e-24
0.0025763211570025766	1.0999999999999998e-24
0.0025941793621188165	1.0749999999999999e-24
0.002612161354399207	1.0749999999999999e-24
0.0026302679918953835	1.05e-24
0.002648500138606701	1.0375e-24
0.002666858664521481	1.0249999999999999e-24
0.0026853444456585093	1.e-24
0.0027039583641088444	1.e-24
0.002722701308077914	9.75e-25
0.002741574171927885	9.75e-25
0.0027605778562203465	9.499999999999999e-25
0.0027797132677592905	9.499999999999999e-25
0.0027989813196343653	9.25e-25
0.002818382931264455	9.125e-25
0.0028379190284415555	9.e-25
0.002857590543374947	8.875e-25
0.002877398414735668	8.75e-25
0.0028973435877013226	8.624999999999999e-25
0.0029174270140011676	8.5e-25
0.00293764965196153	8.375e-25
0.002958012466551546	8.25e-25
0.002978516429429188	8.25e-25
0.0029991625189876503	7.999999999999999e-25
0.0030199517204020166	7.999999999999999e-25
0.0030408850256762776	7.874999999999999e-25
0.0030619634336906767	7.749999999999999e-25
0.0030831879502493547	7.6249999999999995e-25
0.0031045595881283544	7.499999999999999e-25
0.003126079367123955	7.374999999999999e-25
0.0031477483141013137	7.25e-25
0.00316956746304349	7.25e-25
0.003191537855100762	7.124999999999999e-25
0.0032136605386403156	6.9999999999999995e-25
0.003235936569296282	6.875e-25
0.0032583670100200884	6.749999999999999e-25
0.003280952931131189	6.749999999999999e-25
0.0033036954103681476	6.625e-25
0.0033265955329400457	6.5e-25
0.0033496543915782755	6.374999999999999e-25
0.0033728730865886887	6.374999999999999e-25
0.0033962527259040853	6.25e-25
0.0034197944251370877	6.125e-25
0.003443499307633385	6.125e-25
0.003467368504525318	6.e-25
0.003491403154785861	5.874999999999999e-25
0.003515604405282982	5.874999999999999e-25
0.0035399734108343454	5.749999999999999e-25
0.003564511334262442	5.625e-25
0.003589219346450053	5.625e-25
0.0036140986263961316	5.499999999999999e-25
0.003639150361272071	5.3749999999999995e-25
0.003664375746478334	5.3749999999999995e-25
0.0036897759857015024	5.25e-25
0.0037153522909717258	5.25e-25
0.003741105882720532	5.124999999999999e-25
0.0037670379898390883	5.062499999999999e-25
0.00379314984973682	5.e-25
0.0038194427084004643	4.875e-25
0.0038459178204535358	4.875e-25
0.0038725764492161733	4.749999999999999e-25
0.003899419866765433	4.749999999999999e-25
0.003926449353995999	4.625e-25
0.00395366620068128	4.5625e-25
0.003981071705534972	4.5e-25
0.004008667176273029	4.4375e-25
0.004036453929676052	4.375e-25
0.004064433291652127	4.312499999999999e-25
0.00409260659730011	4.25e-25
0.004120975190973305	4.1875e-25
0.00414954042634363	4.125e-25
0.004178303666466219	4.125e-25
0.00420726628384444	3.9999999999999997e-25
0.004236429660495412	3.9999999999999997e-25
0.0042657951880159285	3.8749999999999996e-25
0.004295364267648872	3.8749999999999996e-25
0.004325138310350088	3.8124999999999998e-25
0.004355118736855688	3.7499999999999995e-25
0.004385306977749857	3.6874999999999997e-25
0.004415704473533126	3.625e-25
0.004446312674691086	3.625e-25
0.004477133041763626	3.5624999999999996e-25
0.004508167045414603	3.4999999999999997e-25
0.004539416166502031	3.4375e-25
0.004570881896148751	3.3749999999999996e-25
0.004602565735813562	3.3749999999999996e-25
0.00463446919736288	3.3125e-25
0.004666593803142887	3.25e-25
0.004698941086052157	3.1874999999999997e-25
0.004731512589614805	3.1874999999999997e-25
0.0047643098680541585	3.125e-25
0.004797334486366894	3.0625e-25
0.004830588020397727	3.e-25
0.004864072056914618	3.e-25
0.004897788193684465	2.9374999999999995e-25
0.00493173803954936	2.8749999999999997e-25
0.0049659232145033635	2.8749999999999997e-25
0.005000345349769785	2.8125e-25
0.005035006087879049	2.7812499999999997e-25
0.005069907082747046	2.7499999999999996e-25
0.005105049999754063	2.6874999999999997e-25
0.005140436515824263	2.6874999999999997e-25
0.00517606831950568	2.625e-25
0.0052119471110508055	2.5624999999999996e-25
0.005248074602497728	2.5624999999999996e-25
0.0052844525177518035	2.5e-25
0.005321082592667944	2.5e-25
0.005357966575133419	2.4375e-25
0.005395106225151276	2.40625e-25
0.005432503314924334	2.3749999999999997e-25
0.005470159628939719	2.3437499999999996e-25
0.005508076964054034	2.3125e-25
0.00554625712957911	2.28125e-25
0.005584701947368312	2.25e-25
0.005623413251903492	2.21875e-25
0.0056623928903825355	2.1875e-25
0.0057016427228074795	2.1562499999999996e-25
0.005741164622073277	2.125e-25
0.005780960474057184	2.09375e-25
0.0058210321777087196	2.0625e-25
0.00586138164514029	2.03125e-25
0.005902010801718447	1.9999999999999998e-25
0.005942921586155728	1.9687499999999997e-25
0.005984115950603199	1.9374999999999998e-25
0.006025595860743582	1.9062499999999999e-25
0.006067363295885055	1.8749999999999997e-25
0.006109420249055724	1.8749999999999997e-25
0.006151768727098687	1.8437499999999998e-25
0.006194410750767816	1.8125e-25
0.006237348354824196	1.7812499999999998e-25
0.0062805835881331795	1.7499999999999999e-25
0.006324118513762197	1.71875e-25
0.006367955209079163	1.71875e-25
0.006412095765851617	1.6874999999999998e-25
0.0064565422903465584	1.65625e-25
0.006501296903430912	1.625e-25
0.006546361740672751	1.625e-25
0.006591738952443217	1.5937499999999998e-25
0.0066374307040190945	1.5625e-25
0.006683439175686148	1.53125e-25
0.0067297665628431765	1.53125e-25
0.006776415076106751	1.5e-25
0.006823386941416693	1.4687499999999997e-25
0.0068706844001423205	1.4687499999999997e-25
0.006918309709189366	1.4374999999999998e-25
0.006966265141107685	1.40625e-25
0.0070145529841997125	1.40625e-25
0.007063175542629615	1.3749999999999998e-25
0.0071121351365332885	1.3437499999999999e-25
0.007161434102129021	1.3437499999999999e-25
0.007211074791828993	1.3125e-25
0.007261059574351546	1.296875e-25
0.007311390834834176	1.2812499999999998e-25
0.007362070974947358	1.25e-25
0.007413102413009174	1.25e-25
0.007464487584100661	1.21875e-25
0.007516228940182053	1.21875e-25
0.007568328950209743	1.1874999999999999e-25
0.007620790100254116	1.1718749999999998e-25
0.007673614893618188	1.15625e-25
0.007726805850957024	1.140625e-25
0.007780365510398036	1.125e-25
0.007834296427662117	1.109375e-25
0.007888601176185546	1.09375e-25
0.007943282347242812	1.0781249999999998e-25
0.007998342550070283	1.0625e-25
0.008053784411990669	1.046875e-25
0.008109610578538406	1.03125e-25
0.008165823713585924	1.015625e-25
0.008222426499470714	9.999999999999999e-26
0.00827942163712334	9.843749999999999e-26
0.008336811846196343	9.687499999999999e-26
0.008394599865193971	9.531249999999999e-26
0.008452788451602898	9.374999999999999e-26
0.008511380382023767	9.374999999999999e-26
0.008570378452303693	9.0625e-26
0.008629785477669703	9.0625e-26
0.00868960429286302	8.906249999999999e-26
0.008749837752274359	8.749999999999999e-26
0.008810488730080142	8.59375e-26
0.008871560120379604	8.437499999999999e-26
0.00893305483733295	8.437499999999999e-26
0.008994975815300354	8.28125e-26
0.009057326008981998	8.125e-26
0.009120108393559097	7.968749999999999e-26
0.009183325964835811	7.968749999999999e-26
0.009246981739382223	7.8125e-26
0.009311078754678303	7.65625e-26
0.009375620069258806	7.5e-26
0.009440608762859232	7.5e-26
0.009506047936562815	7.343749999999999e-26
0.00957194071294845	7.187499999999999e-26
0.009638290236239704	7.187499999999999e-26
0.009705099672454899	7.03125e-26
0.009772372209558112	6.874999999999999e-26
0.009840111057611338	6.874999999999999e-26
0.009908319448927679	6.718749999999999e-26
0.009977000638225531	6.5625e-26
0.010046157902783952	6.5625e-26
0.01011579454259899	6.406249999999999e-26
0.010185913880541167	6.328124999999999e-26
0.010256519262514079	6.25e-26
0.01032761405761398	6.09375e-26
0.01039920165829059	6.09375e-26
0.010471285480508997	5.937499999999999e-26
0.010543868963912585	5.937499999999999e-26
0.010616955571987247	5.78125e-26
0.010690548792226582	5.703125e-26
0.010764652136298347	5.625e-26
0.010839269140212037	5.546875e-26
0.01091440336448757	5.46875e-26
0.010990058394325208	5.390624999999999e-26
0.011066237839776666	5.3125e-26
0.011142945335917306	5.234375e-26
0.011220184543019634	5.15625e-26
0.011297959146727982	5.078125e-26
0.011376272858234315	4.9999999999999996e-26
0.011455129414455357	4.921874999999999e-26
0.011534532578210927	4.8437499999999995e-26
0.011614486138403437	4.7656249999999997e-26
0.011694993910198712	4.6874999999999994e-26
0.011776059735208079	4.6874999999999994e-26
0.0118576874816716	4.53125e-26
0.011939881044642735	4.53125e-26
0.012022644346174135	4.4531249999999994e-26
0.012105981335504824	4.3749999999999997e-26
0.01218989598924867	4.296875e-26
0.012274392311584082	4.2187499999999995e-26
0.012359474334445106	4.2187499999999995e-26
0.012445146117713857	4.140625e-26
0.012531411749414158	4.0625e-26
0.01261827534590671	3.9843749999999996e-26
0.012705741052085422	3.90625e-26
0.012793813041575246	3.90625e-26
0.012882495516931344	3.828125e-26
0.012971792709839567	3.75e-26
0.013061708881318416	3.6718749999999994e-26
0.013152248321922388	3.6718749999999994e-26
0.013243415351946656	3.5937499999999996e-26
0.013335214321633242	3.515625e-26
0.013427649611378645	3.515625e-26
0.013520725631942784	3.4374999999999995e-26
0.013614446824659503	3.3593749999999997e-26
0.013708817661648545	3.3593749999999997e-26
0.01380384264602886	3.28125e-26
0.013899526312133537	3.2031249999999995e-26
0.01399587322572619	3.2031249999999995e-26
0.014092887984218748	3.125e-26
0.014190575216890928	3.125e-26
0.01428893958511104	3.046875e-26
0.014387985782558456	2.9687499999999996e-26
0.014487718535447624	2.9687499999999996e-26
0.014588142602753497	2.890625e-26
0.014689262776438672	2.890625e-26
0.014791083881682083	2.8125e-26
0.014893610777109153	2.8125e-26
0.01499684835502374	2.734375e-26
0.015100801541641494	2.6953124999999995e-26
0.015205475297324958	2.65625e-26
0.015310874616820309	2.6171875e-26
0.015417004529495605	2.578125e-26
0.015523870099580827	2.5390625e-26
0.01563147642640955	2.4999999999999998e-26
0.01573982864466221	2.4609374999999996e-26
0.01584893192461114	2.4218749999999997e-26
0.015958791472367322	2.3828124999999999e-26
0.016069412530128776	2.3437499999999997e-26
0.01618080037643065	2.3046874999999998e-26
0.01629296032639722	2.265625e-26
0.016405897731995394	2.265625e-26
0.016519617982290142	2.2265624999999997e-26
0.016634126503701694	2.1874999999999998e-26
0.016749428760264362	2.1484375e-26
0.016865530253887408	2.1093749999999998e-26
0.016982436524617443	2.0703125e-26
0.017100153150902866	2.03125e-26
0.017218685749860067	2.03125e-26
0.01733803997754138	1.9921874999999998e-26
0.01745822152920503	1.953125e-26
0.017579236139586923	1.9140625e-26
0.0177010895831742	1.9140625e-26
0.01782378767448089	1.875e-26
0.017947336268325266	1.8359374999999997e-26
0.01807174126010926	1.7968749999999998e-26
0.01819700858609983	1.7968749999999998e-26
0.018323144223712107	1.7578125e-26
0.018450154191794736	1.7187499999999997e-26
0.01857804455091698	1.7187499999999997e-26
0.018706821403658	1.6796874999999998e-26
0.018836490894897997	1.640625e-26
0.01896705921211146	1.640625e-26
0.019098532585662378	1.6015624999999998e-26
0.019230917289101587	1.5625e-26
0.019364219639466072	1.5625e-26
0.019498445997580452	1.5234375e-26
0.019633602768360462	1.50390625e-26
0.01976969640111861	1.4843749999999998e-26
0.019906733389871867	1.4453125e-26
0.02004472027365161	1.4453125e-26
0.020183663636815605	1.40625e-26
0.02032357010936222	1.40625e-26
0.02046444636724674	1.3671875e-26
0.0206062991327	1.3476562499999998e-26
0.020749135174549092	1.328125e-26
0.020892961308540396	1.30859375e-26
0.021037784397664752	1.2890625e-26
0.021183611352485015	1.26953125e-26
0.021330449131465756	1.2499999999999999e-26
0.02147830474130534	1.2304687499999998e-26
0.0216271852372702	1.2109374999999999e-26
0.021777097723531584	1.1914062499999999e-26
0.02192804935350449	1.1718749999999998e-26
0.022080047330189	1.1523437499999999e-26
0.02223309890651403	1.1328125e-26
0.022387211385683392	1.1132812499999999e-26
0.022542392121524295	1.0937499999999999e-26
0.022698648518838217	1.0937499999999999e-26
0.02285598803375431	1.0546874999999999e-26
0.02301441817408509	1.0546874999999999e-26
0.023173946499684787	1.03515625e-26
0.023334580622810026	1.015625e-26
0.02349632820848308	9.960937499999999e-27
0.023659196974857587	9.765625e-27
0.023823194693586902	9.765625e-27
0.023988329190194904	9.5703125e-27
0.02415460834444941	9.375e-27
0.024322040090738156	9.179687499999998e-27
0.024490632418447456	9.179687499999998e-27
0.02466039337234339	8.984374999999999e-27
0.024831331052955707	8.7890625e-27
0.025003453616964315	8.593749999999999e-27
0.025176769277588554	8.593749999999999e-27
0.025351286304979074	8.398437499999999e-27
0.025527013026612474	8.203125e-27
0.02570395782768864	8.203125e-27
0.025882129151530913	8.007812499999999e-27
0.026061535499988964	7.8125e-27
0.02624218543384442	7.8125e-27
0.026424087573219467	7.6171875e-27
0.026607250597988095	7.51953125e-27
0.026791683248190326	7.421874999999999e-27
0.026977394324449205	7.2265625e-27
0.02716439268839084	7.2265625e-27
0.02735268726306713	7.03125e-27
0.02754228703338167	6.93359375e-27
0.02773320104651841	6.8359375e-27
0.027925438412373393	6.640625e-27
0.028119008303989414	6.640625e-27
0.0283139199579938	6.4453125e-27
0.028510182675039096	6.4453125e-27
0.028707805820246922	6.2499999999999995e-27
0.028906798823654767	6.2499999999999995e-27
0.02910717118066606	6.054687499999999e-27
0.02930893245250321	6.054687499999999e-27
0.029512092266663868	5.859374999999999e-27
0.02971666031738027	5.859374999999999e-27
0.029922646366081898	5.6640625e-27
0.030130060241861215	5.6640625e-27
0.030338911841942717	5.566406249999999e-27
0.03054921113215514	5.4687499999999996e-27
0.030760968147407086	5.37109375e-27
0.030974192992165816	5.2734374999999994e-27
0.031188895840939382	5.17578125e-27
0.03140508693876218	5.078125e-27
0.0316227766016838	5.078125e-27
0.031841975217261245	4.9804687499999995e-27
0.03206269324505465	4.8828125e-27
0.03228494121712636	4.78515625e-27
0.03250872973854344	4.6875e-27
0.03273406948788382	4.589843749999999e-27
0.03296097121774577	4.589843749999999e-27
0.033189445755261046	4.4921874999999995e-27
0.03341950400261143	4.39453125e-27
0.03365115693754907	4.296874999999999e-27
0.03388441561392025	4.296874999999999e-27
0.03411929116219286	4.1992187499999996e-27
0.034355794789987466	4.1015625e-27
0.03459393778261219	4.1015625e-27
0.034833731503601174	4.0039062499999994e-27
0.03507518739525681	3.90625e-27
0.0353183169791957	3.90625e-27
0.03556313185689853	3.80859375e-27
0.03580964371026359	3.7109374999999995e-27
0.03605786430216425	3.7109374999999995e-27
0.03630780547701013	3.61328125e-27
0.03655947916131248	3.564453125e-27
0.03681289736425315	3.515625e-27
0.037068072178257604	3.41796875e-27
0.037325015779572056	3.41796875e-27
0.03758374042884441	3.3203125e-27
0.03784425847170934	3.3203125e-27
0.038106582339377304	3.22265625e-27
0.038370724549227894	3.173828125e-27
0.038636697705406925	3.1249999999999998e-27
0.03890451449942806	3.0761718749999995e-27
0.03917418771077831	3.0273437499999997e-27
0.039445730207527854	2.9785156249999998e-27
0.039719154946944044	2.9296874999999996e-27
0.03999447497610975	2.8808593749999997e-27
0.04027170343254591	2.83203125e-27
0.040550853544838394	2.7832031249999997e-27
0.04083193863326922	2.7343749999999998e-27
0.04111497211045223	2.7343749999999998e-27
0.04139996748197304	2.6367187499999997e-27
0.041686938347033554	2.6367187499999997e-27
0.041975898399100764	2.587890625e-27
0.0422668614265603	2.5390625e-27
0.04255984131337431	2.4902343749999998e-27
0.042854852039743964	2.44140625e-27
0.043151907682776526	2.392578125e-27
0.043451022417157155	2.392578125e-27
0.04375221051582522	2.34375e-27
0.04405548635065534	2.2949218749999996e-27
0.04436086439314326	2.2460937499999997e-27
0.044668359215096314	2.2460937499999997e-27
0.04497798548932879	2.197265625e-27
0.04528975799036206	2.1484374999999997e-27
0.04560369159512962	2.0996093749999998e-27
0.04591980128368686	2.0996093749999998e-27
0.046238102139926025	2.05078125e-27
0.04655860935229588	2.0019531249999997e-27
0.04688133821452652	2.0019531249999997e-27
0.04720630412635905	1.953125e-27
0.04753352259428052	1.904296875e-27
0.047863009232263824	1.904296875e-27
0.048194779762512734	1.8554687499999998e-27
0.0485288500162121	1.8310546874999997e-27
0.04886523593428335	1.806640625e-27
0.049203953568145074	1.7578125e-27
0.04954501908047902	1.7578125e-27
0.049888448746001214	1.708984375e-27
0.050234258952238695	1.6845703124999997e-27
0.05058246620031139	1.66015625e-27
0.05093308710571954	1.6357421875e-27
0.05128613839913648	1.611328125e-27
0.05164163692720709	1.5869140625e-27
0.0519995996533516	1.5624999999999999e-27
0.05236004365857502	1.5136718749999998e-27
0.05272298614228227	1.5136718749999998e-27
0.05308844442309882	1.4892578124999999e-27
0.05345643593969717	1.4648437499999998e-27
0.053826978251628826	1.4404296874999999e-27
0.0542000890401624	1.416015625e-27
0.054575786109127104	1.3916015624999998e-27
0.054954087385762455	1.3671874999999999e-27
0.05533501092157367	1.3427734375e-27
0.055718574893193	1.3183593749999999e-27
0.056104797603247054	1.3183593749999999e-27
0.05649369748123025	1.26953125e-27
0.05688529308438414	1.26953125e-27
0.05727960309858293	1.2451171874999999e-27
0.057676646339225084	1.220703125e-27
0.058076441752131204	1.1962890625e-27
0.058479008414448065	1.171875e-27
0.05888436553555891	1.171875e-27
0.05929253245799999	1.1474609374999998e-27
0.05970352865838369	1.1230468749999999e-27
0.0601173737483278	1.1230468749999999e-27
0.060534087475391365	1.0986328125e-27
0.06095368972401692	1.0742187499999998e-27
0.061376200516479414	1.0498046874999999e-27
0.061801640013841606	1.0498046874999999e-27
0.062230028516915954	1.025390625e-27
0.06266138646723354	1.0009765624999999e-27
0.06309573444801932	1.0009765624999999e-27
0.06353309318517439	9.765625e-28
0.06397348354826482	9.6435546875e-28
0.06441692655151776	9.521484375e-28
0.06486344335482386	9.277343749999999e-28
0.06531305526474725	9.277343749999999e-28
0.06576578373554205	9.033203125e-28
0.06622165037017622	8.9111328125e-28
0.06668067692136223	8.7890625e-28
0.06714288529259525	8.544921875e-28
0.06760829753919818	8.544921875e-28
0.06807693586937417	8.30078125e-28
0.06854882264526617	8.30078125e-28
0.06902398038402421	8.056640625e-28
0.06950243175887968	8.056640625e-28
0.06998419960022738	7.812499999999999e-28
0.07046930689671471	7.812499999999999e-28
0.07095777679633888	7.568359374999999e-28
0.07144963260755133	7.568359374999999e-28
0.07194489780036997	7.324218749999999e-28
0.07244359600749903	7.324218749999999e-28
0.07294575102545688	7.202148437499999e-28
0.07345138681571152	7.080078125e-28
0.0739605275058238	6.958007812499999e-28
0.07447319739059892	6.8359374999999995e-28
0.07498942093324559	6.7138671875e-28
0.07550922276654343	6.591796874999999e-28
0.07603262769401821	6.591796874999999e-28
0.07655966069112569	6.4697265625e-28
0.07709034690644305	6.34765625e-28
0.0776247116628692	6.225585937499999e-28
0.07816278045883299	6.103515625e-28
0.07870457896950991	6.103515625e-28
0.07925013304804722	5.9814453125e-28
0.07979946872679769	5.859375e-28
0.08035261221856174	5.737304687499999e-28
0.08090958991783828	5.737304687499999e-28
0.08147042840208399	5.615234374999999e-28
0.08203515443298186	5.4931640625e-28
0.08260379495771789	5.4931640625e-28
0.08317637711026715	5.371093749999999e-28
0.08375292821268829	5.2490234374999995e-28
0.08433347577642757	5.2490234374999995e-28
0.0849180475036314	5.126953125e-28
0.08550667128846838	5.004882812499999e-28
0.0860993752184601	5.004882812499999e-28
0.08669618757582169	4.8828125e-28
0.08729713683881121	4.8828125e-28
0.08790225168308848	4.7607421875e-28
0.08851156098308358	4.69970703125e-28
0.08912509381337458	4.638671874999999e-28
0.08974287945007482	4.5166015625e-28
0.09036494737223011	4.5166015625e-28
0.09099132726322515	4.39453125e-28
0.09162204901219996	4.39453125e-28
0.09225714271547629	4.2724609375e-28
0.0928966386779936	4.211425781249999e-28
0.09354056741475518	4.150390625e-28
0.09418895965228412	4.08935546875e-28
0.09484184633008969	4.0283203125e-28
0.09549925860214355	3.96728515625e-28
0.09616122783836645	3.9062499999999997e-28
0.09682778562612489	3.9062499999999997e-28
0.09749896377173865	3.7841796874999996e-28
0.0981747943019984	3.7841796874999996e-28
0.09885530946569386	3.6621093749999995e-28
0.09954054173515267	3.6621093749999995e-28
0.10023052380778992	3.6010742187499997e-28
0.10092528860766839	3.5400390625e-28
0.10162486928706954	3.4790039062499996e-28
0.10232929922807538	3.4179687499999997e-28
0.10303861204416156	3.4179687499999997e-28
0.10375284158180124	3.35693359375e-28
0.10447202192207998	3.2958984374999996e-28
0.10519618738232225	3.23486328125e-28
0.10592537251772884	3.173828125e-28
0.10665961212302577	3.173828125e-28
0.10739894123412445	3.1127929687499997e-28
0.1081433951297938	3.0517578125e-28
0.10889300933334334	2.99072265625e-28
0.10964781961431848	2.99072265625e-28
0.11040786199020729	2.9296875e-28
0.11117317272815913	2.8686523437499995e-28
0.11194378834671515	2.8686523437499995e-28
0.11271974561755102	2.8076171874999997e-28
0.11350108156723147	2.74658203125e-28
0.11428783347897717	2.74658203125e-28
0.11508003889444357	2.6855468749999996e-28
0.11587773561551258	2.6245117187499997e-28
0.11668096170609621	2.6245117187499997e-28
0.11748975549395295	2.5634765625e-28
0.11830415557251646	2.532958984375e-28
0.11912420080273746	2.5024414062499996e-28
0.11994993031493784	2.44140625e-28
0.12078138351067802	2.44140625e-28
0.12161860006463679	2.38037109375e-28
0.12246161992650484	2.349853515625e-28
0.12331048332289092	2.3193359374999997e-28
0.1241652307592411	2.2888183593749996e-28
0.125025903021772	2.25830078125e-28
0.12589254117941667	2.227783203125e-28
0.12676518658578456	2.197265625e-28
0.12764388088113438	2.166748046875e-28
0.12852866599436158	2.13623046875e-28
0.12941958414499863	2.1057128906249996e-28
0.13031667784522993	2.0751953125e-28
0.1312199899019203	2.044677734375e-28
0.13212956341865756	2.01416015625e-28
0.1330454417978091	1.983642578125e-28
0.1339676687425935	1.9531249999999999e-28
0.13489628825916533	1.9226074218749997e-28
0.1358313446587154	1.8920898437499998e-28
0.13677288255958492	1.8920898437499998e-28
0.13772094688939465	1.8310546874999997e-28
0.13867558288718887	1.8310546874999997e-28
0.13963683610559374	1.8005371093749998e-28
0.1406047524129914	1.77001953125e-28
0.14157937799570816	1.7395019531249998e-28
0.14256075936021884	1.7089843749999999e-28
0.1435489433353656	1.7089843749999999e-28
0.14454397707459277	1.678466796875e-28
0.1455459080581966	1.6479492187499998e-28
0.14655478409559117	1.617431640625e-28
0.14757065332758948	1.5869140625e-28
0.1485935642287007	1.5869140625e-28
0.14962356560944337	1.5563964843749999e-28
0.15066070661867423	1.52587890625e-28
0.15170503674593372	1.52587890625e-28
0.1527566058238073	1.495361328125e-28
0.15381546403030352	1.46484375e-28
0.15488166189124816	1.46484375e-28
0.1559552502826954	1.4343261718749998e-28
0.15703628043335527	1.4038085937499998e-28
0.15812480392703837	1.4038085937499998e-28
0.15922087270511703	1.373291015625e-28
0.16032453906900418	1.3427734374999998e-28
0.16143585568264865	1.3427734374999998e-28
0.16255487557504844	1.3122558593749999e-28
0.16368165214278088	1.2969970703125e-28
0.16481623915255086	1.28173828125e-28
0.16595869074375608	1.2512207031249998e-28
0.1671090614310708	1.2512207031249998e-28
0.16826740610704677	1.220703125e-28
0.16943378004473286	1.2054443359375e-28
0.1706082389003124	1.190185546875e-28
0.17179083871575884	1.1749267578125e-28
0.17298163592151017	1.1596679687499999e-28
0.17418068733916145	1.1444091796874998e-28
0.17538805018417616	1.129150390625e-28
0.17660378206861646	1.1138916015625e-28
0.17782794100389232	1.0986328125e-28
0.1790605854035295	1.0833740234375e-28
0.180301774085957	1.068115234375e-28
0.18155156627731361	1.0528564453124998e-28
0.18281002161427437	1.03759765625e-28
0.18407720014689566	1.0223388671875e-28
0.18535316234148122	1.007080078125e-28
0.18663796908346705	9.918212890625e-29
0.18793168168032692	9.765624999999999e-29
0.1892343618644976	9.613037109374999e-29
0.1905460717963248	9.460449218749999e-29
0.19186687406702901	9.460449218749999e-29
0.1931968317016925	9.307861328124999e-29
0.19453600816226632	9.155273437499999e-29
0.19588446735059906	9.002685546874999e-29
0.19724227361148544	8.85009765625e-29
0.19860949173573722	8.85009765625e-29
0.19998618696327447	8.697509765624999e-29
0.2013724249862389	8.544921874999999e-29
0.20276827195212832	8.392333984375e-29
0.204173794466953	8.239746093749999e-29
0.20558905959841423	8.239746093749999e-29
0.20701413487910428	8.087158203125e-29
0.208449088309729	7.9345703125e-29
0.20989398836235248	7.781982421874999e-29
0.21134890398366477	7.781982421874999e-29
0.21281390459827113	7.62939453125e-29
0.2142890601120058	7.476806640625e-29
0.21577444091526657	7.476806640625e-29
0.2172701178863744	7.32421875e-29
0.21877616239495518	7.171630859374999e-29
0.22029264630534556	7.171630859374999e-29
0.22181964198002183	7.019042968749999e-29
0.2233572222830531	6.866455078125e-29
0.22490546058357802	6.866455078125e-29
0.2264644307593059	6.713867187499999e-29
0.22803420720004172	6.637573242187499e-29
0.22961486481123614	6.561279296874999e-29
0.23120647901755936	6.40869140625e-29
0.23280912576650073	6.40869140625e-29
0.23442288153199212	6.256103515624999e-29
0.23604782331805763	6.256103515624999e-29
0.23768402866248756	6.103515625e-29
0.23933157564053867	6.0272216796875e-29
0.24099054286865942	5.950927734375e-29
0.24266100950824146	5.8746337890625e-29
0.24434305526939706	5.798339843749999e-29
0.24603676041476263	5.722045898437499e-29
0.24774220576332848	5.645751953125e-29
0.2494594726942954	5.5694580078125e-29
0.25118864315095796	5.4931640625e-29
0.25292979964461443	5.4168701171875e-29
0.2546830252585041	5.340576171875e-29
0.2564484036517717	5.264282226562499e-29
0.2582260190634596	5.18798828125e-29
0.26001595631652713	5.1116943359375e-29
0.2618183008218985	5.035400390625e-29
0.26363313858253795	4.9591064453125e-29
0.26546055619755393	4.8828124999999996e-29
0.2673006408663311	4.8828124999999996e-29
0.26915348039269155	4.8065185546874993e-29
0.2710191631890842	4.7302246093749995e-29
0.272897778280804	4.6539306640624997e-29
0.27478941531023965	4.5776367187499994e-29
0.27669416454115114	4.5013427734374996e-29
0.278612116862977	4.425048828125e-29
0.2805433637951713	4.425048828125e-29
0.28248799749157066	4.3487548828124995e-29
0.28444611074479154	4.2724609374999997e-29
0.28641779699065806	4.2724609374999997e-29
0.28840315031266056	4.1961669921875e-29
0.290402265446445	4.1198730468749995e-29
0.2924152377843335	4.0435791015625e-29
0.2944421633798761	4.0435791015625e-29
0.29648313895243417	3.96728515625e-29
0.29853826189179594	3.8909912109374996e-29
0.3006076302628231	3.814697265625e-29
0.3026913428101306	3.814697265625e-29
0.30478949896279833	3.7384033203125e-29
0.3069021988391158	3.662109375e-29
0.30902954325135906	3.662109375e-29
0.3111716337106018	3.5858154296874994e-29
0.31332857243155854	3.5858154296874994e-29
0.3155004623374627	3.5095214843749996e-29
0.31768740706497706	3.4332275390625e-29
0.3198895109691398	3.4332275390625e-29
0.32210687912834346	3.3569335937499995e-29
0.32433961734934924	3.3187866210937493e-29
0.3265878321723358	3.2806396484374997e-29
0.32885163087598307	3.204345703125e-29
0.33113112148259105	3.204345703125e-29
0.333426412763235	3.1280517578124996e-29
0.3357376142429546	3.1280517578124996e-29
0.3380648362059816	3.0517578125e-29
0.34040818970100095	3.0517578125e-29
0.34276778654645035	2.9754638671875e-29
0.3451437393358562	2.93731689453125e-29
0.3475361614432058	2.8991699218749996e-29
0.3499451670283573	2.8610229492187495e-29
0.35237087104248715	2.8228759765625e-29
0.35481338923357547	2.78472900390625e-29
0.35727283815192895	2.74658203125e-29
0.3597493351557424	2.70843505859375e-29
0.36224299841669866	2.6702880859375e-29
0.3647539469256079	2.6702880859375e-29
0.36728230049808475	2.593994140625e-29
0.3698281797802663	2.593994140625e-29
0.3723917062545686	2.55584716796875e-29
0.3749730022454836	2.5177001953125e-29
0.3775721909254161	2.47955322265625e-29
0.3801893963205613	2.4414062499999998e-29
0.3828247433168227	2.4032592773437496e-29
0.3854783576657719	2.3651123046874997e-29
0.38815036599064834	2.3651123046874997e-29
0.3908408957924021	2.3269653320312499e-29
0.3935500754557775	2.2888183593749997e-29
0.39627803425543956	2.2506713867187498e-29
0.39902490236214216	2.2125244140625e-29
0.40179081084894	2.2125244140625e-29
0.40457589169744274	2.1743774414062497e-29
0.4073802778041128	2.1362304687499998e-29
0.4102041029866069	2.1362304687499998e-29
0.41304750199016144	2.09808349609375e-29
0.41591061049402217	2.0599365234374998e-29
0.41879356511791843	2.02178955078125e-29
0.4216965034285823	2.02178955078125e-29
0.4246195639463127	1.983642578125e-29
0.427562886151586	1.9454956054687498e-29
0.4305266104917104	1.9454956054687498e-29
0.4335108783875286	1.9073486328125e-29
0.4365158322401657	1.86920166015625e-29
0.4395416154378243	1.86920166015625e-29
0.4425883723626263	1.8310546875e-29
0.445656248397503	1.7929077148437497e-29
0.4487453899331319	1.7929077148437497e-29
0.45185594437492216	1.7547607421874998e-29
0.4549880601500483	1.7547607421874998e-29
0.45814188671453326	1.71661376953125e-29
0.46131757456037914	1.6975402832031248e-29
0.4645152752227492	1.6784667968749997e-29
0.46773514128719795	1.6403198242187498e-29
0.47097732639695267	1.6403198242187498e-29
0.4742419852602444	1.6021728515625e-29
0.4775292736576906	1.6021728515625e-29
0.4808393484497283	1.5640258789062498e-29
0.4841723675840991	1.5640258789062498e-29
0.48752849010338606	1.52587890625e-29
0.4909078761526028	1.52587890625e-29
0.49431068698683517	1.48773193359375e-29
0.4977370849789357	1.48773193359375e-29
0.501187233627272	1.4495849609374998e-29
0.5046612975635282	1.4495849609374998e-29
0.5081594425605603	1.41143798828125e-29
0.5116818355403076	1.41143798828125e-29
0.5152286445817563	1.373291015625e-29
0.5188000389289609	1.373291015625e-29
0.5223961889991195	1.354217529296875e-29
0.526017266390706	1.33514404296875e-29
0.5296634438916576	1.3160705566406248e-29
0.5333348954876207	1.2969970703125e-29
0.5370317963702526	1.277923583984375e-29
0.5407543229455806	1.25885009765625e-29
0.544502652842421	1.25885009765625e-29
0.5482769649208535	1.239776611328125e-29
0.5520774392807571	1.2207031249999999e-29
0.5559042572704034	1.2016296386718748e-29
0.55975760149511	1.1825561523437499e-29
0.5636376558259543	1.1825561523437499e-29
0.5675446054085469	1.1634826660156249e-29
0.5714786366718668	1.1444091796874998e-29
0.5754399373371567	1.1444091796874998e-29
0.5794286964268808	1.1253356933593749e-29
0.5834451042737445	1.10626220703125e-29
0.5874893525297765	1.0871887207031249e-29
0.5915616341754737	1.0871887207031249e-29
0.5956621435290103	1.0681152343749999e-29
0.5997910762555093	1.049041748046875e-29
0.6039486293763797	1.049041748046875e-29
0.6081350012787178	1.0299682617187499e-29
0.6123503917247733	1.010894775390625e-29
0.6165950018614821	1.010894775390625e-29
0.6208690342300635	9.918212890625e-30
0.6251726927756857	9.727478027343749e-30
0.6295061828571975	9.727478027343749e-30
0.6338697112569268	9.5367431640625e-30
0.6382634861905485	9.5367431640625e-30
0.6426877173170196	9.34600830078125e-30
0.647142615748583	9.1552734375e-30
0.6516283940608425	9.1552734375e-30
0.6561452663029053	8.964538574218748e-30
0.6606934480075959	8.964538574218748e-30
0.6652731562017412	8.773803710937499e-30
0.6698846094165263	8.773803710937499e-30
0.6745280276979219	8.58306884765625e-30
0.6792036326171844	8.58306884765625e-30
0.6839116472814292	8.392333984374999e-30
0.6886522963442759	8.296966552734373e-30
0.693425806016569	8.201599121093749e-30
0.6982324040771712	8.106231689453125e-30
0.7030723198838333	8.0108642578125e-30
0.7079457843841378	8.0108642578125e-30
0.7128530301265195	7.820129394531249e-30
0.7177942912713617	7.820129394531249e-30
0.7227698036021702	7.62939453125e-30
0.727779804536824	7.62939453125e-30
0.732824533138904	7.43865966796875e-30
0.7379042301291009	7.43865966796875e-30
0.7430191378967014	7.343292236328125e-30
0.7481695005111544	7.247924804687499e-30
0.7533555637337174	7.152557373046874e-30
0.7585775750291838	7.05718994140625e-30
0.7638357835776907	7.05718994140625e-30
0.7691304402866096	6.866455078125e-30
0.7744617978025187	6.866455078125e-30
0.7798301105232587	6.771087646484375e-30
0.7852356346100717	6.67572021484375e-30
0.7906786279998251	6.67572021484375e-30
0.7961593504173188	6.580352783203124e-30
0.8016780633876791	6.4849853515625e-30
0.8072350302488381	6.4849853515625e-30
0.8128305161640992	6.29425048828125e-30
0.8184647881347898	6.29425048828125e-30
0.8241381150130023	6.198883056640625e-30
0.8298507675144224	6.1035156249999995e-30
0.8356030182312479	6.1035156249999995e-30
0.841395141645195	6.008148193359374e-30
0.8472274141405965	5.9127807617187494e-30
0.8531001140175896	5.9127807617187494e-30
0.8590135215053959	5.8174133300781246e-30
0.8649679187756935	5.8174133300781246e-30
0.8709635899560808	5.722045898437499e-30
0.8770008211436349	5.722045898437499e-30
0.8830799004185629	5.6266784667968745e-30
0.8892011178579485	5.53131103515625e-30
0.895364765549594	5.53131103515625e-30
0.901571137605957	5.435943603515624e-30
0.9078205301781859	5.435943603515624e-30
0.9141132414702504	5.3405761718749996e-30
0.9204495717531714	5.3405761718749996e-30
0.9268298233793494	5.245208740234375e-30
0.9332543007969912	5.1498413085937494e-30
0.939723310564638	5.1498413085937494e-30
0.9462371613657932	5.054473876953125e-30
0.952796164023652	5.054473876953125e-30
0.9594006315159332	4.9591064453125e-30
0.9660508789898136	4.9591064453125e-30
0.9727472237769652	4.8637390136718745e-30
0.979489985408699	4.8637390136718745e-30
0.9862794856312106	4.8637390136718745e-30
0.9931160484209339	4.76837158203125e-30
1.0000000000000002	4.76837158203125e-30