0.0010000000000000002	5.3248e-23
0.0010069316688518046	5.3248e-23
0.0010139113857366795	5.2224000000000005e-23
0.0010209394837076803	5.12e-23
0.0010280162981264741	5.12e-23
0.001035142166679344	5.0176e-23
0.0010423174293933046	4.9152e-23
0.001049542428652322	4.9152e-23
0.0010568175092136587	4.8128000000000005e-23
0.0010641430182243166	4.7104e-23
0.0010715193052376064	4.7104e-23
0.001078946722229829	4.608e-23
0.0010864256236170662	4.5056e-23
0.001093956366272094	4.5056e-23
0.0011015393095414154	4.4032000000000005e-23
0.0011091748152624009	4.4032000000000005e-23
0.0011168632477805613	4.3008e-23
0.001124604973966927	4.2496e-23
0.0011324003632355569	4.1984e-23
0.001140249787561169	4.096e-23
0.0011481536214968833	4.096e-23
0.0011561122421920988	3.9936000000000004e-23
0.0011641260294104918	3.9936000000000004e-23
0.0011721953655481313	3.8912e-23
0.0011803206356517297	3.8912e-23
0.001188502227437019	3.7888e-23
0.0011967405313072434	3.7376e-23
0.0012050359403717977	3.6864e-23
0.0012133888504649768	3.6352e-23
0.0012217996601648717	3.5840000000000004e-23
0.0012302687708123819	3.5840000000000004e-23
0.0012387965865303687	3.4816e-23
0.001247383514242943	3.4816e-23
0.0012560299636948742	3.3792e-23
0.001264736347471151	3.3792e-23
0.0012735030810166617	3.328e-23
0.001282330582656021	3.2768e-23
0.001291219273613534	3.2256e-23
0.0013001695780332906	3.1744000000000004e-23
0.0013091819229994065	3.1232000000000006e-23
0.001318256738556407	3.072e-23
0.0013273944577297386	3.072e-23
0.0013365955165464418	3.0207999999999997e-23
0.0013458603540559483	2.9696e-23
0.0013551894123510354	2.9184e-23
0.0013645831365889244	2.8672e-23
0.0013740419750125155	2.8672e-23
0.0013835663789717803	2.816e-23
0.0013931568029453031	2.7648000000000004e-23
0.0014028137045619586	2.7136000000000005e-23
0.001412537544622754	2.7136000000000005e-23
0.0014223287871228199	2.6624e-23
0.001432187899273544	2.6112000000000002e-23
0.0014421153515248683	2.56e-23
0.0014521116175877425	2.56e-23
0.0014621771744567189	2.5088e-23
0.0014723125024327186	2.4576e-23
0.0014825180851459538	2.4576e-23
0.0014927944095789957	2.4064000000000002e-23
0.0015031419660900222	2.3552e-23
0.0015135612484362085	2.3552e-23
0.0015240527537972908	2.304e-23
0.0015346169827992944	2.2784e-23
0.0015452544395384144	2.2528e-23
0.001555965631605074	2.2016000000000002e-23
0.0015667510701081494	2.2016000000000002e-23
0.001577611269699348	2.1504e-23
0.0015885467485977787	2.1248e-23
0.0015995580286146693	2.0992e-23
0.00161064563517827	2.0736e-23
0.00162181009735893	2.048e-23
0.0016330519478943348	1.9968000000000002e-23
0.0016443717232149312	1.9968000000000002e-23
0.0016557699634695282	1.9456e-23
0.0016672472125510635	1.9456e-23
0.00167880401812256	1.8944e-23
0.0016904409316432646	1.8944e-23
0.0017021585083949514	1.8432e-23
0.0017139573075084253	1.8432e-23
0.0017258378919902042	1.7920000000000002e-23
0.0017378008287493765	1.7920000000000002e-23
0.001749846688624657	1.7408e-23
0.00176197604641163	1.7408e-23
0.0017741894808901654	1.6896e-23
0.001786487574852051	1.6896e-23
0.0017988709151287887	1.664e-23
0.0018113400926196024	1.6384e-23
0.0018238957023196383	1.6128e-23
0.0018365383433483476	1.5872000000000002e-23
0.0018492686189780783	1.5616000000000003e-23
0.001862087136662868	1.536e-23
0.0018749945080674183	1.536e-23
0.0018879913490962936	1.5103999999999998e-23
0.0019010782799233007	1.4848e-23
0.0019142559250210855	1.4592e-23
0.0019275249131909364	1.4336e-23
0.001940885877592779	1.4336e-23
0.0019543394557753947	1.408e-23
0.001967886289706845	1.3824000000000002e-23
0.0019815270258050992	1.3568000000000003e-23
0.00199526231496888	1.3568000000000003e-23
0.0020090928126087287	1.3312e-23
0.002023019178678273	1.3056000000000001e-23
0.0020370420777057184	1.3056000000000001e-23
0.0020511621788255664	1.28e-23
0.002065380155810531	1.2544e-23
0.0020796966871036962	1.2416e-23
0.002094112455850894	1.2288e-23
0.0021086281499332893	1.2032000000000001e-23
0.00212324446200022	1.1904000000000002e-23
0.0021379620895022335	1.1776e-23
0.0021527817347243732	1.152e-23
0.002167704104819696	1.152e-23
0.002182729911843003	1.1264e-23
0.0021978598727848252	1.1008000000000001e-23
0.0022130947096056387	1.1008000000000001e-23
0.0022284351492703035	1.0752e-23
0.002243881923782767	1.0752e-23
0.002259435770220979	1.0496e-23
0.0022750974307720706	1.0368e-23
0.0022908676527677737	1.024e-23
0.002306747188720071	1.0112000000000001e-23
0.002322736796357107	9.984000000000001e-24
0.002338837238659356	9.728e-24
0.0023550492838960114	9.728e-24
0.002371373705661656	9.472e-24
0.0023878112829131787	9.472e-24
0.0024043628000069354	9.216e-24
0.002421029046736179	9.216e-24
0.002437810818368754	8.960000000000001e-24
0.002454708915685033	8.960000000000001e-24
0.0024717241450161313	8.704e-24
0.0024888573182823928	8.704e-24
0.002506109253032114	8.575999999999999e-24
0.002523480772480576	8.448e-24
0.002540972705549307	8.32e-24
0.0025585858869056465	8.192e-24
0.0025763211570025766	8.064e-24
0.0025941793621188165	7.936000000000001e-24
0.002612161354399207	7.936000000000001e-24
0.0026302679918953835	7.808000000000001e-24
0.002648500138606701	7.68e-24
0.002666858664521481	7.551999999999999e-24
0.0026853444456585093	7.424e-24
0.0027039583641088444	7.296e-24
0.002722701308077914	7.296e-24
0.002741574171927885	7.168e-24
0.0027605778562203465	7.04e-24
0.0027797132677592905	6.912000000000001e-24
0.0027989813196343653	6.912000000000001e-24
0.002818382931264455	6.784000000000001e-24
0.0028379190284415555	6.656e-24
0.002857590543374947	6.5280000000000006e-24
0.002877398414735668	6.5280000000000006e-24
0.0028973435877013226	6.4e-24
0.0029174270140011676	6.272e-24
0.00293764965196153	6.272e-24
0.002958012466551546	6.144e-24
0.002978516429429188	6.0160000000000006e-24
0.0029991625189876503	6.0160000000000006e-24
0.0030199517204020166	5.888e-24
0.0030408850256762776	5.76e-24
0.0030619634336906767	5.76e-24
0.0030831879502493547	5.632e-24
0.0031045595881283544	5.5680000000000004e-24
0.003126079367123955	5.5040000000000006e-24
0.0031477483141013137	5.376e-24
0.00316956746304349	5.376e-24
0.003191537855100762	5.248e-24
0.0032136605386403156	5.248e-24
0.003235936569296282	5.12e-24
0.0032583670100200884	5.0560000000000004e-24
0.003280952931131189	4.9920000000000006e-24
0.0033036954103681476	4.928000000000001e-24
0.0033265955329400457	4.864e-24
0.0033496543915782755	4.8e-24
0.0033728730865886887	4.736e-24
0.0033962527259040853	4.608e-24
0.0034197944251370877	4.608e-24
0.003443499307633385	4.544e-24
0.003467368504525318	4.4800000000000005e-24
0.003491403154785861	4.416000000000001e-24
0.003515604405282982	4.352e-24
0.0035399734108343454	4.2879999999999996e-24
0.003564511334262442	4.224e-24
0.003589219346450053	4.16e-24
0.0036140986263961316	4.096e-24
0.003639150361272071	4.032e-24
0.003664375746478334	3.9680000000000005e-24
0.0036897759857015024	3.9680000000000005e-24
0.0037153522909717258	3.904000000000001e-24
0.003741105882720532	3.84e-24
0.0037670379898390883	3.7759999999999996e-24
0.00379314984973682	3.712e-24
0.0038194427084004643	3.712e-24
0.0038459178204535358	3.648e-24
0.0038725764492161733	3.584e-24
0.003899419866765433	3.52e-24
0.003926449353995999	3.4560000000000005e-24
0.00395366620068128	3.4560000000000005e-24
0.003981071705534972	3.392000000000001e-24
0.004008667176273029	3.328e-24
0.004036453929676052	3.2640000000000003e-24
0.004064433291652127	3.2640000000000003e-24
0.00409260659730011	3.2e-24
0.004120975190973305	3.136e-24
0.00414954042634363	3.136e-24
0.004178303666466219	3.072e-24
0.00420726628384444	3.0080000000000003e-24
0.004236429660495412	3.0080000000000003e-24
0.0042657951880159285	2.944e-24
0.004295364267648872	2.88e-24
0.004325138310350088	2.88e-24
0.004355118736855688	2.816e-24
0.004385306977749857	2.816e-24
0.004415704473533126	2.7520000000000003e-24
0.004446312674691086	2.688e-24
0.004477133041763626	2.688e-24
0.004508167045414603	2.624e-24
0.004539416166502031	2.624e-24
0.004570881896148751	2.56e-24
0.004602565735813562	2.5280000000000002e-24
0.00463446919736288	2.4960000000000003e-24
0.004666593803142887	2.4640000000000004e-24
0.004698941086052157	2.432e-24
0.004731512589614805	2.4e-24
0.0047643098680541585	2.368e-24
0.004797334486366894	2.336e-24
0.004830588020397727	2.304e-24
0.004864072056914618	2.272e-24
0.004897788193684465	2.2400000000000003e-24
0.00493173803954936	2.2080000000000004e-24
0.0049659232145033635	2.176e-24
0.005000345349769785	2.1439999999999998e-24
0.005035006087879049	2.112e-24
0.005069907082747046	2.08e-24
0.005105049999754063	2.048e-24
0.005140436515824263	2.048e-24
0.00517606831950568	1.9840000000000003e-24
0.0052119471110508055	1.9840000000000003e-24
0.005248074602497728	1.9520000000000004e-24
0.0052844525177518035	1.92e-24
0.005321082592667944	1.8879999999999998e-24
0.005357966575133419	1.856e-24
0.005395106225151276	1.856e-24
0.005432503314924334	1.824e-24
0.005470159628939719	1.792e-24
0.005508076964054034	1.76e-24
0.00554625712957911	1.7280000000000003e-24
0.005584701947368312	1.7280000000000003e-24
0.005623413251903492	1.6960000000000003e-24
0.0056623928903825355	1.664e-24
0.0057016427228074795	1.664e-24
0.005741164622073277	1.6320000000000002e-24
0.005780960474057184	1.6e-24
0.0058210321777087196	1.568e-24
0.00586138164514029	1.568e-24
0.005902010801718447	1.536e-24
0.005942921586155728	1.5040000000000001e-24
0.005984115950603199	1.5040000000000001e-24
0.006025595860743582	1.472e-24
0.006067363295885055	1.456e-24
0.006109420249055724	1.44e-24
0.006151768727098687	1.408e-24
0.006194410750767816	1.408e-24
0.006237348354824196	1.3760000000000001e-24
0.0062805835881331795	1.3600000000000002e-24
0.006324118513762197	1.344e-24
0.006367955209079163	1.312e-24
0.006412095765851617	1.312e-24
0.0064565422903465584	1.28e-24
0.006501296903430912	1.28e-24
0.006546361740672751	1.2480000000000001e-24
0.006591738952443217	1.2320000000000002e-24
0.0066374307040190945	1.216e-24
0.006683439175686148	1.2e-24
0.0067297665628431765	1.184e-24
0.006776415076106751	1.168e-24
0.006823386941416693	1.152e-24
0.0068706844001423205	1.136e-24
0.006918309709189366	1.1200000000000001e-24
0.006966265141107685	1.1040000000000002e-24
0.0070145529841997125	1.088e-24
0.007063175542629615	1.0719999999999999e-24
0.0071121351365332885	1.056e-24
0.007161434102129021	1.04e-24
0.007211074791828993	1.024e-24
0.007261059574351546	1.024e-24
0.007311390834834176	1.008e-24
0.007362070974947358	9.920000000000001e-25
0.007413102413009174	9.760000000000002e-25
0.007464487584100661	9.6e-25
0.007516228940182053	9.439999999999999e-25
0.007568328950209743	9.28e-25
0.007620790100254116	9.28e-25
0.007673614893618188	9.12e-25
0.007726805850957024	8.96e-25
0.007780365510398036	8.8e-25
0.007834296427662117	8.8e-25
0.007888601176185546	8.640000000000001e-25
0.007943282347242812	8.480000000000002e-25
0.007998342550070283	8.32e-25
0.008053784411990669	8.32e-25
0.008109610578538406	8.160000000000001e-25
0.008165823713585924	8.e-25
0.008222426499470714	8.e-25
0.00827942163712334	7.84e-25
0.008336811846196343	7.68e-25
0.008394599865193971	7.68e-25
0.008452788451602898	7.520000000000001e-25
0.008511380382023767	7.36e-25
0.008570378452303693	7.36e-25
0.008629785477669703	7.2e-25
0.00868960429286302	7.04e-25
0.008749837752274359	7.04e-25
0.008810488730080142	6.880000000000001e-25
0.008871560120379604	6.800000000000001e-25
0.00893305483733295	6.72e-25
0.008994975815300354	6.56e-25
0.009057326008981998	6.56e-25
0.009120108393559097	6.4e-25
0.009183325964835811	6.4e-25
0.009246981739382223	6.240000000000001e-25
0.009311078754678303	6.240000000000001e-25
0.009375620069258806	6.08e-25
0.009440608762859232	6.e-25
0.009506047936562815	5.92e-25
0.00957194071294845	5.84e-25
0.009638290236239704	5.76e-25
0.009705099672454899	5.68e-25
0.009772372209558112	5.600000000000001e-25
0.009840111057611338	5.520000000000001e-25
0.009908319448927679	5.44e-25
0.009977000638225531	5.3599999999999995e-25
0.010046157902783952	5.28e-25
0.01011579454259899	5.28e-25
0.010185913880541167	5.12e-25
0.010256519262514079	5.12e-25
0.01032761405761398	5.04e-25
0.01039920165829059	4.960000000000001e-25
0.010471285480508997	4.880000000000001e-25
0.010543868963912585	4.8e-25
0.010616955571987247	4.7199999999999995e-25
0.010690548792226582	4.64e-25
0.010764652136298347	4.64e-25
0.010839269140212037	4.56e-25
0.01091440336448757	4.48e-25
0.010990058394325208	4.4e-25
0.011066237839776666	4.4e-25
0.011142945335917306	4.320000000000001e-25
0.011220184543019634	4.240000000000001e-25
0.011297959146727982	4.16e-25
0.011376272858234315	4.16e-25
0.011455129414455357	4.0800000000000004e-25
0.011534532578210927	4.e-25
0.011614486138403437	4.e-25
0.011694993910198712	3.92e-25
0.011776059735208079	3.84e-25
0.0118576874816716	3.84e-25
0.011939881044642735	3.7600000000000004e-25
0.012022644346174135	3.68e-25
0.012105981335504824	3.68e-25
0.01218989598924867	3.6e-25
0.012274392311584082	3.52e-25
0.012359474334445106	3.52e-25
0.012445146117713857	3.4400000000000004e-25
0.012531411749414158	3.4400000000000004e-25
0.01261827534590671	3.36e-25
0.012705741052085422	3.28e-25
0.012793813041575246	3.28e-25
0.012882495516931344	3.2e-25
0.012971792709839567	3.2e-25
0.013061708881318416	3.1200000000000003e-25
0.013152248321922388	3.1200000000000003e-25
0.013243415351946656	3.04e-25
0.013335214321633242	3.e-25
0.013427649611378645	2.96e-25
0.013520725631942784	2.92e-25
0.013614446824659503	2.88e-25
0.013708817661648545	2.84e-25
0.01380384264602886	2.8000000000000003e-25
0.013899526312133537	2.7600000000000005e-25
0.01399587322572619	2.72e-25
0.014092887984218748	2.6799999999999998e-25
0.014190575216890928	2.64e-25
0.01428893958511104	2.64e-25
0.014387985782558456	2.56e-25
0.014487718535447624	2.56e-25
0.014588142602753497	2.52e-25
0.014689262776438672	2.4800000000000003e-25
0.014791083881682083	2.4400000000000004e-25
0.014893610777109153	2.4e-25
0.01499684835502374	2.3599999999999997e-25
0.015100801541641494	2.32e-25
0.015205475297324958	2.32e-25
0.015310874616820309	2.28e-25
0.015417004529495605	2.24e-25
0.015523870099580827	2.2e-25
0.01563147642640955	2.2e-25
0.01573982864466221	2.1600000000000003e-25
0.01584893192461114	2.1200000000000004e-25
0.015958791472367322	2.08e-25
0.016069412530128776	2.08e-25
0.01618080037643065	2.0400000000000002e-25
0.01629296032639722	2.e-25
0.016405897731995394	2.e-25
0.016519617982290142	1.96e-25
0.016634126503701694	1.92e-25
0.016749428760264362	1.92e-25
0.016865530253887408	1.8800000000000002e-25
0.016982436524617443	1.84e-25
0.017100153150902866	1.84e-25
0.017218685749860067	1.8e-25
0.01733803997754138	1.76e-25
0.01745822152920503	1.76e-25
0.017579236139586923	1.7200000000000002e-25
0.0177010895831742	1.7000000000000002e-25
0.01782378767448089	1.68e-25
0.017947336268325266	1.64e-25
0.01807174126010926	1.64e-25
0.01819700858609983	1.6e-25
0.018323144223712107	1.6e-25
0.018450154191794736	1.5600000000000002e-25
0.01857804455091698	1.5600000000000002e-25
0.018706821403658	1.52e-25
0.018836490894897997	1.5e-25
0.01896705921211146	1.48e-25
0.019098532585662378	1.46e-25
0.019230917289101587	1.44e-25
0.019364219639466072	1.42e-25
0.019498445997580452	1.4000000000000002e-25
0.019633602768360462	1.3800000000000002e-25
0.01976969640111861	1.36e-25
0.019906733389871867	1.3399999999999999e-25
0.02004472027365161	1.32e-25
0.020183663636815605	1.32e-25
0.02032357010936222	1.28e-25
0.02046444636724674	1.28e-25
0.0206062991327	1.26e-25
0.020749135174549092	1.2400000000000002e-25
0.020892961308540396	1.2200000000000002e-25
0.021037784397664752	1.2e-25
0.021183611352485015	1.1799999999999999e-25
0.021330449131465756	1.16e-25
0.02147830474130534	1.16e-25
0.0216271852372702	1.14e-25
0.021777097723531584	1.12e-25
0.02192804935350449	1.1e-25
0.022080047330189	1.1e-25
0.02223309890651403	1.0800000000000002e-25
0.022387211385683392	1.0600000000000002e-25
0.022542392121524295	1.04e-25
0.022698648518838217	1.04e-25
0.02285598803375431	1.0200000000000001e-25
0.02301441817408509	1.e-25
0.023173946499684787	1.e-25
0.023334580622810026	9.8e-26
0.02349632820848308	9.6e-26
0.023659196974857587	9.500000000000001e-26
0.023823194693586902	9.400000000000001e-26
0.023988329190194904	9.2e-26
0.02415460834444941	9.2e-26
0.024322040090738156	9.e-26
0.024490632418447456	8.8e-26
0.02466039337234339	8.8e-26
0.024831331052955707	8.600000000000001e-26
0.025003453616964315	8.500000000000001e-26
0.025176769277588554	8.4e-26
0.025351286304979074	8.2e-26
0.025527013026612474	8.2e-26
0.02570395782768864	8.e-26
0.025882129151530913	8.e-26
0.026061535499988964	7.800000000000001e-26
0.02624218543384442	7.700000000000001e-26
0.026424087573219467	7.6e-26
0.026607250597988095	7.5e-26
0.026791683248190326	7.4e-26
0.026977394324449205	7.3e-26
0.02716439268839084	7.2e-26
0.02735268726306713	7.1e-26
0.02754228703338167	7.000000000000001e-26
0.02773320104651841	6.900000000000001e-26
0.027925438412373393	6.8e-26
0.028119008303989414	6.699999999999999e-26
0.0283139199579938	6.6e-26
0.028510182675039096	6.5e-26
0.028707805820246922	6.4e-26
0.028906798823654767	6.4e-26
0.02910717118066606	6.200000000000001e-26
0.02930893245250321	6.200000000000001e-26
0.029512092266663868	6.100000000000001e-26
0.02971666031738027	6.e-26
0.029922646366081898	5.899999999999999e-26
0.030130060241861215	5.8e-26
0.030338911841942717	5.8e-26
0.03054921113215514	5.7e-26
0.030760968147407086	5.6e-26
0.030974192992165816	5.5e-26
0.031188895840939382	5.400000000000001e-26
0.03140508693876218	5.400000000000001e-26
0.0316227766016838	5.300000000000001e-26
0.031841975217261245	5.2e-26
0.03206269324505465	5.1000000000000005e-26
0.03228494121712636	5.1000000000000005e-26
0.03250872973854344	5.e-26
0.03273406948788382	4.9e-26
0.03296097121774577	4.9e-26
0.033189445755261046	4.8e-26
0.03341950400261143	4.7000000000000005e-26
0.03365115693754907	4.7000000000000005e-26
0.03388441561392025	4.6e-26
0.03411929116219286	4.5e-26
0.034355794789987466	4.5e-26
0.03459393778261219	4.4e-26
0.034833731503601174	4.3000000000000005e-26
0.03507518739525681	4.3000000000000005e-26
0.0353183169791957	4.2e-26
0.03556313185689853	4.15e-26
0.03580964371026359	4.1e-26
0.03605786430216425	4.e-26
0.03630780547701013	4.e-26
0.03655947916131248	3.9000000000000004e-26
0.03681289736425315	3.9000000000000004e-26
0.037068072178257604	3.8e-26
0.037325015779572056	3.75e-26
0.03758374042884441	3.7e-26
0.03784425847170934	3.65e-26
0.038106582339377304	3.6e-26
0.038370724549227894	3.55e-26
0.038636697705406925	3.5000000000000004e-26
0.03890451449942806	3.4500000000000006e-26
0.03917418771077831	3.4e-26
0.039445730207527854	3.3499999999999997e-26
0.039719154946944044	3.3e-26
0.03999447497610975	3.25e-26
0.04027170343254591	3.2e-26
0.040550853544838394	3.15e-26
0.04083193863326922	3.1000000000000004e-26
0.04111497211045223	3.1000000000000004e-26
0.04139996748197304	3.e-26
0.041686938347033554	3.e-26
0.041975898399100764	2.9499999999999997e-26
0.0422668614265603	2.9e-26
0.04255984131337431	2.85e-26
0.042854852039743964	2.8e-26
0.043151907682776526	2.8e-26
0.043451022417157155	2.75e-26
0.04375221051582522	2.7000000000000004e-26
0.04405548635065534	2.6500000000000005e-26
0.04436086439314326	2.6e-26
0.044668359215096314	2.6e-26
0.04497798548932879	2.5500000000000002e-26
0.04528975799036206	2.5e-26
0.04560369159512962	2.45e-26
0.04591980128368686	2.4e-26
0.046238102139926025	2.4e-26
0.04655860935229588	2.3500000000000002e-26
0.04688133821452652	2.3e-26
0.04720630412635905	2.3e-26
0.04753352259428052	2.25e-26
0.047863009232263824	2.2e-26
0.048194779762512734	2.2e-26
0.0485288500162121	2.1500000000000002e-26
0.04886523593428335	2.1e-26
0.049203953568145074	2.1e-26
0.04954501908047902	2.05e-26
0.049888448746001214	2.e-26
0.050234258952238695	2.e-26
0.05058246620031139	1.9500000000000002e-26
0.05093308710571954	1.9250000000000003e-26
0.05128613839913648	1.9e-26
0.05164163692720709	1.85e-26
0.0519995996533516	1.85e-26
0.05236004365857502	1.8e-26
0.05272298614228227	1.775e-26
0.05308844442309882	1.7500000000000002e-26
0.05345643593969717	1.7250000000000003e-26
0.053826978251628826	1.7e-26
0.0542000890401624	1.65e-26
0.054575786109127104	1.65e-26
0.054954087385762455	1.6e-26
0.05533501092157367	1.6e-26
0.055718574893193	1.5500000000000002e-26
0.056104797603247054	1.5500000000000002e-26
0.05649369748123025	1.5e-26
0.05688529308438414	1.5e-26
0.05727960309858293	1.45e-26
0.057676646339225084	1.45e-26
0.058076441752131204	1.4e-26
0.058479008414448065	1.4e-26
0.05888436553555891	1.3500000000000002e-26
0.05929253245799999	1.3500000000000002e-26
0.05970352865838369	1.3250000000000003e-26
0.0601173737483278	1.3e-26
0.060534087475391365	1.2750000000000001e-26
0.06095368972401692	1.25e-26
0.061376200516479414	1.225e-26
0.061801640013841606	1.2e-26
0.062230028516915954	1.1750000000000001e-26
0.06266138646723354	1.15e-26
0.06309573444801932	1.15e-26
0.06353309318517439	1.125e-26
0.06397348354826482	1.1e-26
0.06441692655151776	1.0750000000000001e-26
0.06486344335482386	1.05e-26
0.06531305526474725	1.05e-26
0.06576578373554205	1.025e-26
0.06622165037017622	1.e-26
0.06668067692136223	9.750000000000001e-27
0.06714288529259525	9.750000000000001e-27
0.06760829753919818	9.5e-27
0.06807693586937417	9.25e-27
0.06854882264526617	9.e-27
0.06902398038402421	9.e-27
0.06950243175887968	8.750000000000001e-27
0.06998419960022738	8.5e-27
0.07046930689671471	8.5e-27
0.07095777679633888	8.25e-27
0.07144963260755133	8.e-27
0.07194489780036997	8.e-27
0.07244359600749903	7.750000000000001e-27
0.07294575102545688	7.5e-27
0.07345138681571152	7.5e-27
0.0739605275058238	7.25e-27
0.07447319739059892	7.125e-27
0.07498942093324559	7.e-27
0.07550922276654343	6.750000000000001e-27
0.07603262769401821	6.750000000000001e-27
0.07655966069112569	6.5e-27
0.07709034690644305	6.5e-27
0.0776247116628692	6.25e-27
0.07816278045883299	6.25e-27
0.07870457896950991	6.e-27
0.07925013304804722	5.8750000000000006e-27
0.07979946872679769	5.75e-27
0.08035261221856174	5.625e-27
0.08090958991783828	5.5e-27
0.08147042840208399	5.5e-27
0.08203515443298186	5.25e-27
0.08260379495771789	5.25e-27
0.08317637711026715	5.125e-27
0.08375292821268829	5.e-27
0.08433347577642757	4.8750000000000005e-27
0.0849180475036314	4.75e-27
0.08550667128846838	4.625e-27
0.0860993752184601	4.5e-27
0.08669618757582169	4.5e-27
0.08729713683881121	4.3750000000000005e-27
0.08790225168308848	4.25e-27
0.08851156098308358	4.25e-27
0.08912509381337458	4.125e-27
0.08974287945007482	4.e-27
0.09036494737223011	3.8750000000000005e-27
0.09099132726322515	3.8750000000000005e-27
0.09162204901219996	3.75e-27
0.09225714271547629	3.6874999999999996e-27
0.0928966386779936	3.625e-27
0.09354056741475518	3.5e-27
0.09418895965228412	3.5e-27
0.09484184633008969	3.3750000000000005e-27
0.09549925860214355	3.312500000000001e-27
0.09616122783836645	3.25e-27
0.09682778562612489	3.1875000000000003e-27
0.09749896377173865	3.125e-27
0.0981747943019984	3.0625e-27
0.09885530946569386	3.e-27
0.09954054173515267	2.9375000000000003e-27
0.10023052380778992	2.875e-27
0.10092528860766839	2.8125e-27
0.10162486928706954	2.75e-27
0.10232929922807538	2.6875000000000003e-27
0.10303861204416156	2.625e-27
0.10375284158180124	2.625e-27
0.10447202192207998	2.5625e-27
0.10519618738232225	2.5e-27
0.10592537251772884	2.4375000000000003e-27
0.10665961212302577	2.375e-27
0.10739894123412445	2.375e-27
0.1081433951297938	2.3125e-27
0.10889300933334334	2.25e-27
0.10964781961431848	2.1875000000000003e-27
0.11040786199020729	2.1875000000000003e-27
0.11117317272815913	2.125e-27
0.11194378834671515	2.0937499999999998e-27
0.11271974561755102	2.0625e-27
0.11350108156723147	2.e-27
0.11428783347897717	2.e-27
0.11508003889444357	1.9375000000000003e-27
0.11587773561551258	1.9062500000000003e-27
0.11668096170609621	1.875e-27
0.11748975549395295	1.8125e-27
0.11830415557251646	1.8125e-27
0.11912420080273746	1.75e-27
0.11994993031493784	1.75e-27
0.12078138351067802	1.6875000000000002e-27
0.12161860006463679	1.6875000000000002e-27
0.12246161992650484	1.625e-27
0.12331048332289092	1.625e-27
0.1241652307592411	1.5625e-27
0.125025903021772	1.5625e-27
0.12589254117941667	1.53125e-27
0.12676518658578456	1.5e-27
0.12764388088113438	1.4687500000000001e-27
0.12852866599436158	1.4375e-27
0.12941958414499863	1.40625e-27
0.13031667784522993	1.375e-27
0.1312199899019203	1.375e-27
0.13212956341865756	1.3437500000000001e-27
0.1330454417978091	1.3125e-27
0.1339676687425935	1.3125e-27
0.13489628825916533	1.28125e-27
0.1358313446587154	1.25e-27
0.13677288255958492	1.2187500000000001e-27
0.13772094688939465	1.2187500000000001e-27
0.13867558288718887	1.1875e-27
0.13963683610559374	1.15625e-27
0.1406047524129914	1.15625e-27
0.14157937799570816	1.125e-27
0.14256075936021884	1.109375e-27
0.1435489433353656	1.0937500000000001e-27
0.14454397707459277	1.0625e-27
0.1455459080581966	1.0625e-27
0.14655478409559117	1.03125e-27
0.14757065332758948	1.015625e-27
0.1485935642287007	1.e-27
0.14962356560944337	9.84375e-28
0.15066070661867423	9.687500000000001e-28
0.15170503674593372	9.531250000000002e-28
0.1527566058238073	9.375e-28
0.15381546403030352	9.218749999999999e-28
0.15488166189124816	9.0625e-28
0.1559552502826954	8.90625e-28
0.15703628043335527	8.75e-28
0.15812480392703837	8.59375e-28
0.15922087270511703	8.437500000000001e-28
0.16032453906900418	8.437500000000001e-28
0.16143585568264865	8.125e-28
0.16255487557504844	8.125e-28
0.16368165214278088	7.968750000000001e-28
0.16481623915255086	7.8125e-28
0.16595869074375608	7.65625e-28
0.1671090614310708	7.5e-28
0.16826740610704677	7.5e-28
0.16943378004473286	7.343750000000001e-28
0.1706082389003124	7.1875e-28
0.17179083871575884	7.03125e-28
0.17298163592151017	7.03125e-28
0.17418068733916145	6.875e-28
0.17538805018417616	6.718750000000001e-28
0.17660378206861646	6.718750000000001e-28
0.17782794100389232	6.5625e-28
0.1790605854035295	6.40625e-28
0.180301774085957	6.40625e-28
0.18155156627731361	6.25e-28
0.18281002161427437	6.093750000000001e-28
0.18407720014689566	6.093750000000001e-28
0.18535316234148122	5.9375e-28
0.18663796908346705	5.9375e-28
0.18793168168032692	5.78125e-28
0.1892343618644976	5.703125e-28
0.1905460717963248	5.625e-28
0.19186687406702901	5.468750000000001e-28
0.1931968317016925	5.468750000000001e-28
0.19453600816226632	5.3125e-28
0.19588446735059906	5.3125e-28
0.19724227361148544	5.15625e-28
0.19860949173573722	5.15625e-28
0.19998618696327447	5.e-28
0.2013724249862389	5.e-28
0.20276827195212832	4.843750000000001e-28
0.204173794466953	4.843750000000001e-28
0.20558905959841423	4.765625000000001e-28
0.20701413487910428	4.6875e-28
0.208449088309729	4.6093749999999995e-28
0.20989398836235248	4.53125e-28
0.21134890398366477	4.453125e-28
0.21281390459827113	4.375e-28
0.2142890601120058	4.375e-28
0.21577444091526657	4.296875e-28
0.2172701178863744	4.218750000000001e-28
0.21877616239495518	4.140625000000001e-28
0.22029264630534556	4.0625e-28
0.22181964198002183	4.0625e-28
0.2233572222830531	3.9843750000000004e-28
0.22490546058357802	3.90625e-28
0.2264644307593059	3.828125e-28
0.22803420720004172	3.75e-28
0.22961486481123614	3.75e-28
0.23120647901755936	3.6718750000000004e-28
0.23280912576650073	3.59375e-28
0.23442288153199212	3.59375e-28
0.23604782331805763	3.515625e-28
0.23768402866248756	3.4375e-28
0.23933157564053867	3.4375e-28
0.24099054286865942	3.3593750000000004e-28
0.24266100950824146	3.3203125000000005e-28
0.24434305526939706	3.28125e-28
0.24603676041476263	3.203125e-28
0.24774220576332848	3.203125e-28
0.2494594726942954	3.125e-28
0.25118864315095796	3.0859375000000002e-28
0.25292979964461443	3.0468750000000003e-28
0.2546830252585041	3.0078125000000005e-28
0.2564484036517717	2.96875e-28
0.2582260190634596	2.890625e-28
0.26001595631652713	2.890625e-28
0.2618183008218985	2.8125e-28
0.26363313858253795	2.8125e-28
0.26546055619755393	2.7343750000000003e-28
0.2673006408663311	2.7343750000000003e-28
0.26915348039269155	2.65625e-28
0.2710191631890842	2.65625e-28
0.272897778280804	2.578125e-28
0.27478941531023965	2.578125e-28
0.27669416454115114	2.5e-28
0.278612116862977	2.5e-28
0.2805433637951713	2.4609375e-28
0.28248799749157066	2.4218750000000003e-28
0.28444611074479154	2.3828125000000004e-28
0.28641779699065806	2.34375e-28
0.28840315031266056	2.34375e-28
0.290402265446445	2.265625e-28
0.2924152377843335	2.265625e-28
0.2944421633798761	2.2265625e-28
0.29648313895243417	2.1875e-28
0.29853826189179594	2.1484375e-28
0.3006076302628231	2.1484375e-28
0.3026913428101306	2.1093750000000003e-28
0.30478949896279833	2.0703125000000004e-28
0.3069021988391158	2.03125e-28
0.30902954325135906	2.03125e-28
0.3111716337106018	1.9921875000000002e-28
0.31332857243155854	1.953125e-28
0.3155004623374627	1.953125e-28
0.31768740706497706	1.9140625e-28
0.3198895109691398	1.875e-28
0.32210687912834346	1.8359375000000002e-28
0.32433961734934924	1.8359375000000002e-28
0.3265878321723358	1.796875e-28
0.32885163087598307	1.796875e-28
0.33113112148259105	1.7578125e-28
0.333426412763235	1.71875e-28
0.3357376142429546	1.71875e-28
0.3380648362059816	1.6796875000000002e-28
0.34040818970100095	1.6601562500000002e-28
0.34276778654645035	1.640625e-28
0.3451437393358562	1.6015625e-28
0.3475361614432058	1.6015625e-28
0.3499451670283573	1.5625e-28
0.35237087104248715	1.5625e-28
0.35481338923357547	1.5234375000000002e-28
0.35727283815192895	1.5039062500000002e-28
0.3597493351557424	1.484375e-28
0.36224299841669866	1.46484375e-28
0.3647539469256079	1.4453125e-28
0.36728230049808475	1.42578125e-28
0.3698281797802663	1.40625e-28
0.3723917062545686	1.38671875e-28
0.3749730022454836	1.3671875000000002e-28
0.3775721909254161	1.3476562500000002e-28
0.3801893963205613	1.328125e-28
0.3828247433168227	1.328125e-28
0.3854783576657719	1.2890625e-28
0.38815036599064834	1.2890625e-28
0.3908408957924021	1.26953125e-28
0.3935500754557775	1.25e-28
0.39627803425543956	1.23046875e-28
0.39902490236214216	1.2109375000000002e-28
0.40179081084894	1.1914062500000002e-28
0.40457589169744274	1.171875e-28
0.4073802778041128	1.171875e-28
0.4102041029866069	1.1523437499999999e-28
0.41304750199016144	1.1328125e-28
0.41591061049402217	1.11328125e-28
0.41879356511791843	1.11328125e-28
0.4216965034285823	1.09375e-28
0.4246195639463127	1.07421875e-28
0.427562886151586	1.0546875000000002e-28
0.4305266104917104	1.0546875000000002e-28
0.4335108783875286	1.0351562500000002e-28
0.4365158322401657	1.015625e-28
0.4395416154378243	1.015625e-28
0.4425883723626263	9.960937500000001e-29
0.445656248397503	9.765625e-29
0.4487453899331319	9.765625e-29
0.45185594437492216	9.5703125e-29
0.4549880601500483	9.375e-29
0.45814188671453326	9.375e-29
0.46131757456037914	9.179687500000001e-29
0.4645152752227492	8.984375e-29
0.46773514128719795	8.984375e-29
0.47097732639695267	8.7890625e-29
0.4742419852602444	8.7890625e-29
0.4775292736576906	8.59375e-29
0.4808393484497283	8.496093750000001e-29
0.4841723675840991	8.398437500000001e-29
0.48752849010338606	8.203125e-29
0.4909078761526028	8.203125e-29
0.49431068698683517	8.0078125e-29
0.4977370849789357	8.0078125e-29
0.501187233627272	7.8125e-29
0.5046612975635282	7.8125e-29
0.5081594425605603	7.617187500000001e-29
0.5116818355403076	7.617187500000001e-29
0.5152286445817563	7.421875e-29
0.5188000389289609	7.421875e-29
0.5223961889991195	7.2265625e-29
0.526017266390706	7.2265625e-29
0.5296634438916576	7.03125e-29
0.5333348954876207	7.03125e-29
0.5370317963702526	6.93359375e-29
0.5407543229455806	6.835937500000001e-29
0.544502652842421	6.738281250000001e-29
0.5482769649208535	6.640625e-29
0.5520774392807571	6.640625e-29
0.5559042572704034	6.4453125e-29
0.55975760149511	6.4453125e-29
0.5636376558259543	6.34765625e-29
0.5675446054085469	6.25e-29
0.5714786366718668	6.15234375e-29
0.5754399373371567	6.054687500000001e-29
0.5794286964268808	6.054687500000001e-29
0.5834451042737445	5.957031250000001e-29
0.5874893525297765	5.859375e-29
0.5915616341754737	5.859375e-29
0.5956621435290103	5.761718749999999e-29
0.5997910762555093	5.6640625e-29
0.6039486293763797	5.56640625e-29
0.6081350012787178	5.56640625e-29
0.6123503917247733	5.46875e-29
0.6165950018614821	5.37109375e-29
0.6208690342300635	5.37109375e-29
0.6251726927756857	5.273437500000001e-29
0.6295061828571975	5.175781250000001e-29
0.6338697112569268	5.175781250000001e-29
0.6382634861905485	5.078125e-29
0.6426877173170196	4.9804687500000005e-29
0.647142615748583	4.9804687500000005e-29
0.6516283940608425	4.8828125e-29
0.6561452663029053	4.8828125e-29
0.6606934480075959	4.78515625e-29
0.6652731562017412	4.6875e-29
0.6698846094165263	4.6875e-29
0.6745280276979219	4.5898437500000005e-29
0.6792036326171844	4.5898437500000005e-29
0.6839116472814292	4.4921875e-29
0.6886522963442759	4.4921875e-29
0.693425806016569	4.39453125e-29
0.6982324040771712	4.39453125e-29
0.7030723198838333	4.296875e-29
0.7079457843841378	4.296875e-29
0.7128530301265195	4.1992187500000004e-29
0.7177942912713617	4.1992187500000004e-29
0.7227698036021702	4.1015625e-29
0.727779804536824	4.1015625e-29
0.732824533138904	4.00390625e-29
0.7379042301291009	4.00390625e-29
0.7430191378967014	3.90625e-29
0.7481695005111544	3.90625e-29
0.7533555637337174	3.8085937500000004e-29
0.7585775750291838	3.8085937500000004e-29
0.7638357835776907	3.7597656250000006e-29
0.7691304402866096	3.7109375e-29
0.7744617978025187	3.7109375e-29
0.7798301105232587	3.61328125e-29
0.7852356346100717	3.61328125e-29
0.7906786279998251	3.564453125e-29
0.7961593504173188	3.515625e-29
0.8016780633876791	3.515625e-29
0.8072350302488381	3.4179687500000004e-29
0.8128305161640992	3.4179687500000004e-29
0.8184647881347898	3.3691406250000006e-29
0.8241381150130023	3.3203125e-29
0.8298507675144224	3.3203125e-29
0.8356030182312479	3.2714843749999997e-29
0.841395141645195	3.22265625e-29
0.8472274141405965	3.22265625e-29
0.8531001140175896	3.173828125e-29
0.8590135215053959	3.125e-29
0.8649679187756935	3.125e-29
0.8709635899560808	3.076171875e-29
0.8770008211436349	3.0273437500000004e-29
0.8830799004185629	3.0273437500000004e-29
0.8892011178579485	2.9785156250000005e-29
0.895364765549594	2.9296875e-29
0.901571137605957	2.9296875e-29
0.9078205301781859	2.8808593749999997e-29
0.9141132414702504	2.8808593749999997e-29
0.9204495717531714	2.83203125e-29
0.9268298233793494	2.83203125e-29
0.9332543007969912	2.783203125e-29
0.939723310564638	2.734375e-29
0.9462371613657932	2.734375e-29
0.952796164023652	2.685546875e-29
0.9594006315159332	2.685546875e-29
0.9660508789898136	2.6367187500000004e-29
0.9727472237769652	2.6367187500000004e-29
0.979489985408699	2.5878906250000005e-29
0.9862794856312106	2.5878906250000005e-29
0.9931160484209339	2.5390625e-29
1.0000000000000002	2.5390625e-29