0.0010000000000000002	3.0399999999999996e-23
0.0010069316688518046	2.96e-23
0.0010139113857366795	2.96e-23
0.0010209394837076803	2.88e-23
0.0010280162981264741	2.88e-23
0.001049542428652322	2.72e-23
0.0010568175092136587	2.72e-23
0.0010641430182243166	2.64e-23
0.0010715193052376064	2.64e-23
0.001078946722229829	2.6e-23
0.0010864256236170662	2.5599999999999998e-23
0.001093956366272094	2.5199999999999996e-23
0.0011015393095414154	2.4799999999999997e-23
0.0011091748152624009	2.4399999999999999e-23
0.0011168632477805613	2.3999999999999997e-23
0.001124604973966927	2.3999999999999997e-23
0.0011324003632355569	2.3599999999999998e-23
0.001140249787561169	2.32e-23
0.0011481536214968833	2.2799999999999997e-23
0.0011561122421920988	2.2399999999999998e-23
0.0011641260294104918	2.2399999999999998e-23
0.0011721953655481313	2.2e-23
0.0011803206356517297	2.1599999999999998e-23
0.001188502227437019	2.12e-23
0.0011967405313072434	2.12e-23
0.0012050359403717977	2.08e-23
0.0012133888504649768	2.0399999999999998e-23
0.0012217996601648717	2.e-23
0.0012387965865303687	1.96e-23
0.001247383514242943	1.92e-23
0.0012560299636948742	1.92e-23
0.001264736347471151	1.8799999999999997e-23
0.0012735030810166617	1.8399999999999998e-23
0.001282330582656021	1.8399999999999998e-23
0.001291219273613534	1.8e-23
0.0013001695780332906	1.8e-23
0.0013091819229994065	1.7599999999999997e-23
0.001318256738556407	1.7199999999999998e-23
0.0013273944577297386	1.7199999999999998e-23
0.0013365955165464418	1.68e-23
0.0013458603540559483	1.68e-23
0.0013551894123510354	1.6399999999999998e-23
0.0013645831365889244	1.6199999999999997e-23
0.0013740419750125155	1.6e-23
0.0013835663789717803	1.56e-23
0.0013931568029453031	1.56e-23
0.0014028137045619586	1.5199999999999998e-23
0.001412537544622754	1.5199999999999998e-23
0.0014223287871228199	1.48e-23
0.001432187899273544	1.48e-23
0.0014421153515248683	1.44e-23
0.0014521116175877425	1.44e-23
0.0014621771744567189	1.4e-23
0.0014723125024327186	1.4e-23
0.0014825180851459538	1.36e-23
0.0014927944095789957	1.36e-23
0.0015031419660900222	1.32e-23
0.0015135612484362085	1.32e-23
0.0015240527537972908	1.3e-23
0.0015346169827992944	1.2799999999999999e-23
0.0015452544395384144	1.2599999999999998e-23
0.001555965631605074	1.2399999999999999e-23
0.0015667510701081494	1.2199999999999999e-23
0.001577611269699348	1.1999999999999998e-23
0.0015885467485977787	1.1999999999999998e-23
0.0015995580286146693	1.1799999999999999e-23
0.00161064563517827	1.16e-23
0.00162181009735893	1.1399999999999999e-23
0.0016330519478943348	1.1199999999999999e-23
0.0016443717232149312	1.1199999999999999e-23
0.0016557699634695282	1.1e-23
0.0016672472125510635	1.0799999999999999e-23
0.00167880401812256	1.06e-23
0.0016904409316432646	1.06e-23
0.0017021585083949514	1.04e-23
0.0017258378919902042	1.0199999999999999e-23
0.0017378008287493765	1.e-23
0.001749846688624657	9.8e-24
0.00176197604641163	9.7e-24
0.0017741894808901654	9.6e-24
0.001786487574852051	9.399999999999998e-24
0.0017988709151287887	9.299999999999998e-24
0.0018113400926196024	9.199999999999999e-24
0.0018238957023196383	9.e-24
0.0018365383433483476	9.e-24
0.0018492686189780783	8.799999999999999e-24
0.001862087136662868	8.599999999999999e-24
0.0018749945080674183	8.599999999999999e-24
0.0018879913490962936	8.4e-24
0.0019010782799233007	8.4e-24
0.0019142559250210855	8.199999999999999e-24
0.0019275249131909364	8.099999999999998e-24
0.001940885877592779	8.e-24
0.0019543394557753947	7.9e-24
0.001967886289706845	7.8e-24
0.0019815270258050992	7.599999999999999e-24
0.00199526231496888	7.599999999999999e-24
0.0020090928126087287	7.4e-24
0.002023019178678273	7.4e-24
0.0020370420777057184	7.2e-24
0.0020511621788255664	7.2e-24
0.002065380155810531	7.e-24
0.0020796966871036962	7.e-24
0.002094112455850894	6.8e-24
0.0021086281499332893	6.8e-24
0.00212324446200022	6.7e-24
0.0021379620895022335	6.6e-24
0.0021527817347243732	6.5e-24
0.002167704104819696	6.3999999999999995e-24
0.002182729911843003	6.299999999999999e-24
0.0021978598727848252	6.199999999999999e-24
0.0022130947096056387	6.199999999999999e-24
0.0022284351492703035	5.999999999999999e-24
0.002243881923782767	5.999999999999999e-24
0.002259435770220979	5.8999999999999995e-24
0.0022750974307720706	5.8e-24
0.0022908676527677737	5.699999999999999e-24
0.002306747188720071	5.5999999999999996e-24
0.002322736796357107	5.5999999999999996e-24
0.002338837238659356	5.5e-24
0.0023550492838960114	5.3999999999999994e-24
0.002371373705661656	5.3999999999999994e-24
0.0023878112829131787	5.3e-24
0.0024043628000069354	5.2e-24
0.002421029046736179	5.0999999999999995e-24
0.002437810818368754	5.0999999999999995e-24
0.002454708915685033	5.e-24
0.0024717241450161313	4.9e-24
0.0024888573182823928	4.9e-24
0.002506109253032114	4.8e-24
0.002523480772480576	4.699999999999999e-24
0.002540972705549307	4.699999999999999e-24
0.0025585858869056465	4.5999999999999995e-24
0.0025763211570025766	4.5e-24
0.0025941793621188165	4.5e-24
0.002612161354399207	4.399999999999999e-24
0.0026302679918953835	4.349999999999999e-24
0.002648500138606701	4.2999999999999996e-24
0.002666858664521481	4.2e-24
0.0026853444456585093	4.2e-24
0.0027039583641088444	4.0999999999999994e-24
0.002722701308077914	4.049999999999999e-24
0.002741574171927885	4.e-24
0.0027605778562203465	3.95e-24
0.0027797132677592905	3.9e-24
0.0027989813196343653	3.7999999999999995e-24
0.002818382931264455	3.7999999999999995e-24
0.0028379190284415555	3.7e-24
0.002857590543374947	3.7e-24
0.002877398414735668	3.6e-24
0.0028973435877013226	3.6e-24
0.0029174270140011676	3.5e-24
0.00293764965196153	3.5e-24
0.002958012466551546	3.4499999999999994e-24
0.002978516429429188	3.4e-24
0.0029991625189876503	3.35e-24
0.0030199517204020166	3.3e-24
0.0030408850256762776	3.25e-24
0.0030619634336906767	3.1999999999999998e-24
0.0030831879502493547	3.1499999999999995e-24
0.0031045595881283544	3.0999999999999997e-24
0.003126079367123955	3.0999999999999997e-24
0.0031477483141013137	3.0499999999999998e-24
0.00316956746304349	2.9999999999999996e-24
0.003191537855100762	2.9499999999999997e-24
0.0032136605386403156	2.9e-24
0.003235936569296282	2.8499999999999996e-24
0.0032583670100200884	2.8499999999999996e-24
0.003280952931131189	2.7999999999999998e-24
0.0033036954103681476	2.75e-24
0.0033265955329400457	2.6999999999999997e-24
0.0033496543915782755	2.6999999999999997e-24
0.0033728730865886887	2.65e-24
0.0033962527259040853	2.6e-24
0.0034197944251370877	2.5499999999999998e-24
0.003443499307633385	2.5499999999999998e-24
0.003467368504525318	2.5e-24
0.003491403154785861	2.45e-24
0.003515604405282982	2.45e-24
0.0035399734108343454	2.4e-24
0.003564511334262442	2.3499999999999996e-24
0.003589219346450053	2.3499999999999996e-24
0.0036140986263961316	2.2999999999999997e-24
0.003639150361272071	2.25e-24
0.003664375746478334	2.25e-24
0.0036897759857015024	2.1999999999999996e-24
0.0037153522909717258	2.1749999999999995e-24
0.003741105882720532	2.1499999999999998e-24
0.0037670379898390883	2.1e-24
0.00379314984973682	2.1e-24
0.0038194427084004643	2.0499999999999997e-24
0.0038459178204535358	2.0249999999999996e-24
0.0038725764492161733	2.e-24
0.003899419866765433	1.975e-24
0.003926449353995999	1.95e-24
0.00395366620068128	1.925e-24
0.003981071705534972	1.8999999999999998e-24
0.004008667176273029	1.85e-24
0.004036453929676052	1.85e-24
0.004064433291652127	1.8e-24
0.00409260659730011	1.8e-24
0.004120975190973305	1.75e-24
0.00414954042634363	1.75e-24
0.004178303666466219	1.7249999999999997e-24
0.00420726628384444	1.7e-24
0.004236429660495412	1.675e-24
0.0042657951880159285	1.65e-24
0.004295364267648872	1.625e-24
0.004325138310350088	1.5999999999999999e-24
0.004355118736855688	1.5749999999999998e-24
0.004385306977749857	1.5499999999999998e-24
0.004415704473533126	1.5499999999999998e-24
0.004446312674691086	1.5249999999999999e-24
0.004477133041763626	1.4999999999999998e-24
0.004508167045414603	1.4749999999999999e-24
0.004539416166502031	1.45e-24
0.004570881896148751	1.4249999999999998e-24
0.004602565735813562	1.4249999999999998e-24
0.00463446919736288	1.3999999999999999e-24
0.004666593803142887	1.375e-24
0.004698941086052157	1.3499999999999999e-24
0.004731512589614805	1.3499999999999999e-24
0.0047643098680541585	1.325e-24
0.004797334486366894	1.3e-24
0.004830588020397727	1.2749999999999999e-24
0.004864072056914618	1.2749999999999999e-24
0.004897788193684465	1.25e-24
0.00493173803954936	1.225e-24
0.0049659232145033635	1.225e-24
0.005000345349769785	1.2e-24
0.005035006087879049	1.1749999999999998e-24
0.005069907082747046	1.1749999999999998e-24
0.005105049999754063	1.1499999999999999e-24
0.005140436515824263	1.125e-24
0.00517606831950568	1.125e-24
0.0052119471110508055	1.0999999999999998e-24
0.005248074602497728	1.0874999999999998e-24
0.0052844525177518035	1.0749999999999999e-24
0.005321082592667944	1.05e-24
0.005357966575133419	1.05e-24
0.005395106225151276	1.0249999999999999e-24
0.005432503314924334	1.0124999999999998e-24
0.005470159628939719	1.e-24
0.005508076964054034	9.875e-25
0.00554625712957911	9.75e-25
0.005584701947368312	9.499999999999999e-25
0.005623413251903492	9.499999999999999e-25
0.0056623928903825355	9.25e-25
0.0057016427228074795	9.25e-25
0.005741164622073277	9.e-25
0.005780960474057184	9.e-25
0.0058210321777087196	8.75e-25
0.00586138164514029	8.75e-25
0.005902010801718447	8.5e-25
0.005942921586155728	8.5e-25
0.005984115950603199	8.375e-25
0.006025595860743582	8.25e-25
0.006067363295885055	8.125e-25
0.006109420249055724	7.999999999999999e-25
0.006151768727098687	7.874999999999999e-25
0.006194410750767816	7.749999999999999e-25
0.006237348354824196	7.749999999999999e-25
0.0062805835881331795	7.6249999999999995e-25
0.006324118513762197	7.499999999999999e-25
0.006367955209079163	7.374999999999999e-25
0.006412095765851617	7.25e-25
0.0064565422903465584	7.124999999999999e-25
0.006501296903430912	6.9999999999999995e-25
0.006546361740672751	6.9999999999999995e-25
0.006591738952443217	6.875e-25
0.0066374307040190945	6.749999999999999e-25
0.006683439175686148	6.749999999999999e-25
0.0067297665628431765	6.625e-25
0.006776415076106751	6.5e-25
0.006823386941416693	6.374999999999999e-25
0.0068706844001423205	6.374999999999999e-25
0.006918309709189366	6.25e-25
0.006966265141107685	6.125e-25
0.0070145529841997125	6.125e-25
0.007063175542629615	6.e-25
0.0071121351365332885	5.874999999999999e-25
0.007161434102129021	5.874999999999999e-25
0.007211074791828993	5.749999999999999e-25
0.007261059574351546	5.625e-25
0.007311390834834176	5.625e-25
0.007362070974947358	5.499999999999999e-25
0.007413102413009174	5.3749999999999995e-25
0.007464487584100661	5.3749999999999995e-25
0.007516228940182053	5.25e-25
0.007568328950209743	5.25e-25
0.007620790100254116	5.124999999999999e-25
0.007673614893618188	5.062499999999999e-25
0.007726805850957024	5.e-25
0.007780365510398036	4.9375e-25
0.007834296427662117	4.875e-25
0.007888601176185546	4.749999999999999e-25
0.007943282347242812	4.749999999999999e-25
0.007998342550070283	4.625e-25
0.008053784411990669	4.625e-25
0.008109610578538406	4.5e-25
0.008165823713585924	4.5e-25
0.008222426499470714	4.375e-25
0.00827942163712334	4.375e-25
0.008336811846196343	4.25e-25
0.008394599865193971	4.25e-25
0.008452788451602898	4.1875e-25
0.008511380382023767	4.125e-25
0.008570378452303693	4.0625e-25
0.008629785477669703	3.9999999999999997e-25
0.00868960429286302	3.9374999999999994e-25
0.008749837752274359	3.8749999999999996e-25
0.008810488730080142	3.8124999999999998e-25
0.008871560120379604	3.7499999999999995e-25
0.00893305483733295	3.7499999999999995e-25
0.008994975815300354	3.6874999999999997e-25
0.009057326008981998	3.625e-25
0.009120108393559097	3.5624999999999996e-25
0.009183325964835811	3.4999999999999997e-25
0.009246981739382223	3.4999999999999997e-25
0.009311078754678303	3.4375e-25
0.009375620069258806	3.3749999999999996e-25
0.009440608762859232	3.3125e-25
0.009506047936562815	3.3125e-25
0.00957194071294845	3.25e-25
0.009638290236239704	3.1874999999999997e-25
0.009705099672454899	3.125e-25
0.009772372209558112	3.125e-25
0.009840111057611338	3.0625e-25
0.009908319448927679	3.e-25
0.009977000638225531	3.e-25
0.010046157902783952	2.9374999999999995e-25
0.01011579454259899	2.8749999999999997e-25
0.010185913880541167	2.8749999999999997e-25
0.010256519262514079	2.8125e-25
0.01032761405761398	2.7812499999999997e-25
0.01039920165829059	2.7499999999999996e-25
0.010471285480508997	2.6874999999999997e-25
0.010543868963912585	2.6874999999999997e-25
0.010616955571987247	2.625e-25
0.010690548792226582	2.59375e-25
0.010764652136298347	2.5624999999999996e-25
0.010839269140212037	2.5e-25
0.01091440336448757	2.5e-25
0.010990058394325208	2.4375e-25
0.011066237839776666	2.4375e-25
0.011142945335917306	2.3749999999999997e-25
0.011220184543019634	2.3749999999999997e-25
0.011297959146727982	2.3125e-25
0.011376272858234315	2.3125e-25
0.011455129414455357	2.25e-25
0.011534532578210927	2.21875e-25
0.011614486138403437	2.1875e-25
0.011694993910198712	2.1562499999999996e-25
0.011776059735208079	2.125e-25
0.0118576874816716	2.125e-25
0.011939881044642735	2.0625e-25
0.012022644346174135	2.0625e-25
0.012105981335504824	1.9999999999999998e-25
0.01218989598924867	1.9999999999999998e-25
0.012274392311584082	1.9687499999999997e-25
0.012359474334445106	1.9374999999999998e-25
0.012445146117713857	1.9062499999999999e-25
0.012531411749414158	1.8749999999999997e-25
0.01261827534590671	1.8749999999999997e-25
0.012705741052085422	1.8437499999999998e-25
0.012793813041575246	1.8125e-25
0.012882495516931344	1.7812499999999998e-25
0.012971792709839567	1.7499999999999999e-25
0.013061708881318416	1.71875e-25
0.013152248321922388	1.71875e-25
0.013243415351946656	1.6874999999999998e-25
0.013335214321633242	1.65625e-25
0.013427649611378645	1.625e-25
0.013520725631942784	1.625e-25
0.013614446824659503	1.5937499999999998e-25
0.013708817661648545	1.5625e-25
0.01380384264602886	1.5625e-25
0.013899526312133537	1.53125e-25
0.01399587322572619	1.5e-25
0.014092887984218748	1.5e-25
0.014190575216890928	1.4687499999999997e-25
0.01428893958511104	1.4374999999999998e-25
0.014387985782558456	1.4374999999999998e-25
0.014487718535447624	1.40625e-25
0.014588142602753497	1.3749999999999998e-25
0.014689262776438672	1.3749999999999998e-25
0.014791083881682083	1.3437499999999999e-25
0.014893610777109153	1.328125e-25
0.01499684835502374	1.3125e-25
0.015100801541641494	1.2812499999999998e-25
0.015205475297324958	1.2812499999999998e-25
0.015310874616820309	1.25e-25
0.015417004529495605	1.25e-25
0.015523870099580827	1.21875e-25
0.01563147642640955	1.203125e-25
0.01573982864466221	1.1874999999999999e-25
0.01584893192461114	1.1718749999999998e-25
0.015958791472367322	1.15625e-25
0.016069412530128776	1.140625e-25
0.01618080037643065	1.125e-25
0.01629296032639722	1.109375e-25
0.016405897731995394	1.09375e-25
0.016519617982290142	1.0781249999999998e-25
0.016634126503701694	1.0625e-25
0.016749428760264362	1.046875e-25
0.016865530253887408	1.03125e-25
0.016982436524617443	1.015625e-25
0.017100153150902866	9.999999999999999e-26
0.017218685749860067	9.843749999999999e-26
0.01733803997754138	9.687499999999999e-26
0.01745822152920503	9.687499999999999e-26
0.017579236139586923	9.531249999999999e-26
0.0177010895831742	9.374999999999999e-26
0.01782378767448089	9.218749999999999e-26
0.017947336268325266	9.0625e-26
0.01807174126010926	8.906249999999999e-26
0.01819700858609983	8.906249999999999e-26
0.018323144223712107	8.749999999999999e-26
0.018450154191794736	8.59375e-26
0.01857804455091698	8.437499999999999e-26
0.018706821403658	8.437499999999999e-26
0.018836490894897997	8.28125e-26
0.01896705921211146	8.125e-26
0.019098532585662378	7.968749999999999e-26
0.019230917289101587	7.968749999999999e-26
0.019364219639466072	7.8125e-26
0.019498445997580452	7.65625e-26
0.019633602768360462	7.65625e-26
0.01976969640111861	7.5e-26
0.019906733389871867	7.343749999999999e-26
0.02004472027365161	7.265624999999998e-26
0.020183663636815605	7.187499999999999e-26
0.02032357010936222	7.03125e-26
0.02046444636724674	7.03125e-26
0.0206062991327	6.874999999999999e-26
0.020749135174549092	6.718749999999999e-26
0.020892961308540396	6.718749999999999e-26
0.021037784397664752	6.5625e-26
0.021183611352485015	6.484375e-26
0.021330449131465756	6.406249999999999e-26
0.02147830474130534	6.328124999999999e-26
0.0216271852372702	6.25e-26
0.021777097723531584	6.09375e-26
0.02192804935350449	6.09375e-26
0.022080047330189	5.937499999999999e-26
0.02223309890651403	5.937499999999999e-26
0.022387211385683392	5.78125e-26
0.022542392121524295	5.703125e-26
0.022698648518838217	5.625e-26
0.02285598803375431	5.546875e-26
0.02301441817408509	5.46875e-26
0.023173946499684787	5.390624999999999e-26
0.023334580622810026	5.3125e-26
0.02349632820848308	5.3125e-26
0.023659196974857587	5.15625e-26
0.023823194693586902	5.15625e-26
0.023988329190194904	4.9999999999999996e-26
0.02415460834444941	4.9999999999999996e-26
0.024322040090738156	4.921874999999999e-26
0.024490632418447456	4.8437499999999995e-26
0.02466039337234339	4.7656249999999997e-26
0.024831331052955707	4.6874999999999994e-26
0.025003453616964315	4.6093749999999996e-26
0.025176769277588554	4.53125e-26
0.025351286304979074	4.53125e-26
0.025527013026612474	4.4531249999999994e-26
0.02570395782768864	4.3749999999999997e-26
0.025882129151530913	4.296875e-26
0.026061535499988964	4.2187499999999995e-26
0.02624218543384442	4.2187499999999995e-26
0.026424087573219467	4.140625e-26
0.026607250597988095	4.0625e-26
0.026791683248190326	4.0625e-26
0.026977394324449205	3.9843749999999996e-26
0.02716439268839084	3.90625e-26
0.02735268726306713	3.828125e-26
0.02754228703338167	3.828125e-26
0.02773320104651841	3.75e-26
0.027925438412373393	3.6718749999999994e-26
0.028119008303989414	3.6718749999999994e-26
0.0283139199579938	3.5937499999999996e-26
0.028510182675039096	3.515625e-26
0.028707805820246922	3.515625e-26
0.028906798823654767	3.4374999999999995e-26
0.02910717118066606	3.398437499999999e-26
0.02930893245250321	3.3593749999999997e-26
0.029512092266663868	3.28125e-26
0.02971666031738027	3.28125e-26
0.029922646366081898	3.2031249999999995e-26
0.030130060241861215	3.1640624999999994e-26
0.030338911841942717	3.125e-26
0.03054921113215514	3.046875e-26
0.030760968147407086	3.046875e-26
0.030974192992165816	2.9687499999999996e-26
0.031188895840939382	2.9687499999999996e-26
0.03140508693876218	2.890625e-26
0.0316227766016838	2.890625e-26
0.031841975217261245	2.8125e-26
0.03206269324505465	2.8125e-26
0.03228494121712636	2.734375e-26
0.03250872973854344	2.6953124999999995e-26
0.03273406948788382	2.65625e-26
0.03296097121774577	2.65625e-26
0.033189445755261046	2.578125e-26
0.03341950400261143	2.578125e-26
0.03365115693754907	2.4999999999999998e-26
0.03388441561392025	2.4999999999999998e-26
0.03411929116219286	2.4609374999999996e-26
0.034355794789987466	2.4218749999999997e-26
0.03459393778261219	2.3828124999999999e-26
0.034833731503601174	2.3437499999999997e-26
0.03507518739525681	2.3046874999999998e-26
0.0353183169791957	2.265625e-26
0.03556313185689853	2.265625e-26
0.03580964371026359	2.2265624999999997e-26
0.03605786430216425	2.1874999999999998e-26
0.03630780547701013	2.1484375e-26
0.03655947916131248	2.1093749999999998e-26
0.03681289736425315	2.1093749999999998e-26
0.037068072178257604	2.0703125e-26
0.037325015779572056	2.03125e-26
0.03758374042884441	1.9921874999999998e-26
0.03784425847170934	1.9921874999999998e-26
0.038106582339377304	1.953125e-26
0.038370724549227894	1.9140625e-26
0.038636697705406925	1.9140625e-26
0.03890451449942806	1.875e-26
0.03917418771077831	1.8359374999999997e-26
0.039445730207527854	1.8164062499999996e-26
0.039719154946944044	1.7968749999999998e-26
0.03999447497610975	1.7578125e-26
0.04027170343254591	1.7578125e-26
0.040550853544838394	1.7187499999999997e-26
0.04083193863326922	1.6796874999999998e-26
0.04111497211045223	1.6796874999999998e-26
0.04139996748197304	1.640625e-26
0.041686938347033554	1.62109375e-26
0.041975898399100764	1.6015624999999998e-26
0.0422668614265603	1.5625e-26
0.04255984131337431	1.5625e-26
0.042854852039743964	1.5234375e-26
0.043151907682776526	1.5234375e-26
0.043451022417157155	1.4843749999999998e-26
0.04375221051582522	1.4648437499999997e-26
0.04405548635065534	1.4453125e-26
0.04436086439314326	1.42578125e-26
0.044668359215096314	1.40625e-26
0.04497798548932879	1.38671875e-26
0.04528975799036206	1.3671875e-26
0.04560369159512962	1.3476562499999998e-26
0.04591980128368686	1.328125e-26
0.046238102139926025	1.30859375e-26
0.04655860935229588	1.2890625e-26
0.04688133821452652	1.26953125e-26
0.04720630412635905	1.2499999999999999e-26
0.04753352259428052	1.2304687499999998e-26
0.047863009232263824	1.2109374999999999e-26
0.048194779762512734	1.2109374999999999e-26
0.0485288500162121	1.1718749999999998e-26
0.04886523593428335	1.1718749999999998e-26
0.049203953568145074	1.1523437499999999e-26
0.04954501908047902	1.1328125e-26
0.049888448746001214	1.1132812499999999e-26
0.050234258952238695	1.0937499999999999e-26
0.05058246620031139	1.0937499999999999e-26
0.05093308710571954	1.07421875e-26
0.05128613839913648	1.0546874999999999e-26
0.05164163692720709	1.03515625e-26
0.0519995996533516	1.015625e-26
0.05236004365857502	1.015625e-26
0.05272298614228227	9.960937499999999e-27
0.05308844442309882	9.765625e-27
0.05345643593969717	9.5703125e-27
0.053826978251628826	9.5703125e-27
0.0542000890401624	9.375e-27
0.054575786109127104	9.179687499999998e-27
0.054954087385762455	9.179687499999998e-27
0.05533501092157367	8.984374999999999e-27
0.055718574893193	8.7890625e-27
0.056104797603247054	8.7890625e-27
0.05649369748123025	8.593749999999999e-27
0.05688529308438414	8.398437499999999e-27
0.05727960309858293	8.398437499999999e-27
0.057676646339225084	8.203125e-27
0.058076441752131204	8.10546875e-27
0.058479008414448065	8.007812499999999e-27
0.05888436553555891	7.8125e-27
0.05929253245799999	7.8125e-27
0.05970352865838369	7.6171875e-27
0.0601173737483278	7.6171875e-27
0.060534087475391365	7.421874999999999e-27
0.06095368972401692	7.324218749999999e-27
0.061376200516479414	7.2265625e-27
0.061801640013841606	7.12890625e-27
0.062230028516915954	7.03125e-27
0.06266138646723354	6.8359375e-27
0.06309573444801932	6.8359375e-27
0.06353309318517439	6.640625e-27
0.06397348354826482	6.640625e-27
0.06441692655151776	6.4453125e-27
0.06486344335482386	6.4453125e-27
0.06531305526474725	6.34765625e-27
0.06576578373554205	6.2499999999999995e-27
0.06622165037017622	6.152343749999999e-27
0.06668067692136223	6.054687499999999e-27
0.06714288529259525	5.9570312499999996e-27
0.06760829753919818	5.859374999999999e-27
0.06807693586937417	5.7617187499999995e-27
0.06854882264526617	5.6640625e-27
0.06902398038402421	5.6640625e-27
0.06950243175887968	5.566406249999999e-27
0.06998419960022738	5.4687499999999996e-27
0.07046930689671471	5.37109375e-27
0.07095777679633888	5.2734374999999994e-27
0.07144963260755133	5.17578125e-27
0.07194489780036997	5.078125e-27
0.07244359600749903	5.078125e-27
0.07294575102545688	4.9804687499999995e-27
0.07345138681571152	4.8828125e-27
0.0739605275058238	4.8828125e-27
0.07447319739059892	4.78515625e-27
0.07498942093324559	4.6875e-27
0.07550922276654343	4.589843749999999e-27
0.07603262769401821	4.589843749999999e-27
0.07655966069112569	4.4921874999999995e-27
0.07709034690644305	4.39453125e-27
0.0776247116628692	4.39453125e-27
0.07816278045883299	4.296874999999999e-27
0.07870457896950991	4.1992187499999996e-27
0.07925013304804722	4.1992187499999996e-27
0.07979946872679769	4.1015625e-27
0.08035261221856174	4.0039062499999994e-27
0.08090958991783828	4.0039062499999994e-27
0.08147042840208399	3.90625e-27
0.08203515443298186	3.80859375e-27
0.08260379495771789	3.80859375e-27
0.08317637711026715	3.7109374999999995e-27
0.08375292821268829	3.7109374999999995e-27
0.08433347577642757	3.61328125e-27
0.0849180475036314	3.564453125e-27
0.08550667128846838	3.515625e-27
0.0860993752184601	3.41796875e-27
0.08669618757582169	3.41796875e-27
0.08729713683881121	3.3203125e-27
0.08790225168308848	3.3203125e-27
0.08851156098308358	3.22265625e-27
0.08912509381337458	3.22265625e-27
0.08974287945007482	3.1249999999999998e-27
0.09036494737223011	3.0761718749999995e-27
0.09099132726322515	3.0273437499999997e-27
0.09162204901219996	2.9785156249999998e-27
0.09225714271547629	2.9296874999999996e-27
0.0928966386779936	2.9296874999999996e-27
0.09354056741475518	2.83203125e-27
0.09418895965228412	2.83203125e-27
0.09484184633008969	2.7343749999999998e-27
0.09549925860214355	2.7343749999999998e-27
0.09616122783836645	2.685546875e-27
0.09682778562612489	2.6367187499999997e-27
0.09749896377173865	2.587890625e-27
0.0981747943019984	2.5390625e-27
0.09885530946569386	2.4902343749999998e-27
0.09954054173515267	2.44140625e-27
0.10023052380778992	2.44140625e-27
0.10092528860766839	2.392578125e-27
0.10162486928706954	2.34375e-27
0.10232929922807538	2.2949218749999996e-27
0.10303861204416156	2.2949218749999996e-27
0.10375284158180124	2.2460937499999997e-27
0.10447202192207998	2.197265625e-27
0.10519618738232225	2.1484374999999997e-27
0.10592537251772884	2.1484374999999997e-27
0.10665961212302577	2.0996093749999998e-27
0.10739894123412445	2.05078125e-27
0.1081433951297938	2.0019531249999997e-27
0.10889300933334334	2.0019531249999997e-27
0.10964781961431848	1.953125e-27
0.11040786199020729	1.904296875e-27
0.11117317272815913	1.904296875e-27
0.11194378834671515	1.8554687499999998e-27
0.11271974561755102	1.806640625e-27
0.11350108156723147	1.806640625e-27
0.11428783347897717	1.7578125e-27
0.11508003889444357	1.708984375e-27
0.11587773561551258	1.708984375e-27
0.11668096170609621	1.66015625e-27
0.11748975549395295	1.66015625e-27
0.11830415557251646	1.611328125e-27
0.11912420080273746	1.5624999999999999e-27
0.11994993031493784	1.5624999999999999e-27
0.12078138351067802	1.5136718749999998e-27
0.12161860006463679	1.5136718749999998e-27
0.12246161992650484	1.4648437499999998e-27
0.12331048332289092	1.4404296874999999e-27
0.1241652307592411	1.416015625e-27
0.125025903021772	1.3916015624999998e-27
0.12589254117941667	1.3671874999999999e-27
0.12676518658578456	1.3427734375e-27
0.12764388088113438	1.3183593749999999e-27
0.12852866599436158	1.2939453125e-27
0.12941958414499863	1.26953125e-27
0.13031667784522993	1.2451171874999999e-27
0.1312199899019203	1.220703125e-27
0.13212956341865756	1.1962890625e-27
0.1330454417978091	1.171875e-27
0.1339676687425935	1.1474609374999998e-27
0.13489628825916533	1.1230468749999999e-27
0.1358313446587154	1.0986328125e-27
0.13677288255958492	1.0742187499999998e-27
0.13772094688939465	1.0742187499999998e-27
0.13867558288718887	1.0498046874999999e-27
0.13963683610559374	1.025390625e-27
0.1406047524129914	1.0009765624999999e-27
0.14157937799570816	9.765625e-28
0.14256075936021884	9.765625e-28
0.1435489433353656	9.521484375e-28
0.14454397707459277	9.277343749999999e-28
0.1455459080581966	9.033203125e-28
0.14655478409559117	9.033203125e-28
0.14757065332758948	8.7890625e-28
0.1485935642287007	8.544921875e-28
0.14962356560944337	8.544921875e-28
0.15066070661867423	8.30078125e-28
0.15170503674593372	8.056640625e-28
0.1527566058238073	8.056640625e-28
0.15381546403030352	7.812499999999999e-28
0.15488166189124816	7.690429687499999e-28
0.1559552502826954	7.568359374999999e-28
0.15703628043335527	7.324218749999999e-28
0.15812480392703837	7.324218749999999e-28
0.15922087270511703	7.080078125e-28
0.16032453906900418	7.080078125e-28
0.16143585568264865	6.8359374999999995e-28
0.16255487557504844	6.8359374999999995e-28
0.16368165214278088	6.591796874999999e-28
0.16481623915255086	6.591796874999999e-28
0.16595869074375608	6.34765625e-28
0.1671090614310708	6.34765625e-28
0.16826740610704677	6.225585937499999e-28
0.16943378004473286	6.103515625e-28
0.1706082389003124	5.9814453125e-28
0.17179083871575884	5.859375e-28
0.17298163592151017	5.737304687499999e-28
0.17418068733916145	5.615234374999999e-28
0.17538805018417616	5.615234374999999e-28
0.17660378206861646	5.4931640625e-28
0.17782794100389232	5.371093749999999e-28
0.1790605854035295	5.2490234374999995e-28
0.180301774085957	5.2490234374999995e-28
0.18155156627731361	5.126953125e-28
0.18281002161427437	5.004882812499999e-28
0.18407720014689566	4.8828125e-28
0.18535316234148122	4.8828125e-28
0.18663796908346705	4.7607421875e-28
0.18793168168032692	4.638671874999999e-28
0.1892343618644976	4.638671874999999e-28
0.1905460717963248	4.5166015625e-28
0.19186687406702901	4.45556640625e-28
0.1931968317016925	4.39453125e-28
0.19453600816226632	4.2724609375e-28
0.19588446735059906	4.2724609375e-28
0.19724227361148544	4.150390625e-28
0.19860949173573722	4.150390625e-28
0.19998618696327447	4.0283203125e-28
0.2013724249862389	3.96728515625e-28
0.20276827195212832	3.9062499999999997e-28
0.204173794466953	3.8452148437499994e-28
0.20558905959841423	3.7841796874999996e-28
0.20701413487910428	3.7231445312499998e-28
0.208449088309729	3.6621093749999995e-28
0.20989398836235248	3.6010742187499997e-28
0.21134890398366477	3.5400390625e-28
0.21281390459827113	3.4790039062499996e-28
0.2142890601120058	3.4179687499999997e-28
0.21577444091526657	3.4179687499999997e-28
0.2172701178863744	3.2958984374999996e-28
0.21877616239495518	3.2958984374999996e-28
0.22029264630534556	3.23486328125e-28
0.22181964198002183	3.173828125e-28
0.2233572222830531	3.1127929687499997e-28
0.22490546058357802	3.0517578125e-28
0.2264644307593059	3.0517578125e-28
0.22803420720004172	2.99072265625e-28
0.22961486481123614	2.9296875e-28
0.23120647901755936	2.8686523437499995e-28
0.23280912576650073	2.8686523437499995e-28
0.23442288153199212	2.8076171874999997e-28
0.23604782331805763	2.74658203125e-28
0.23768402866248756	2.74658203125e-28
0.23933157564053867	2.6855468749999996e-28
0.24099054286865942	2.6245117187499997e-28
0.24266100950824146	2.6245117187499997e-28
0.24434305526939706	2.5634765625e-28
0.24603676041476263	2.5024414062499996e-28
0.24774220576332848	2.5024414062499996e-28
0.2494594726942954	2.44140625e-28
0.25118864315095796	2.38037109375e-28
0.25292979964461443	2.38037109375e-28
0.2546830252585041	2.3193359374999997e-28
0.2564484036517717	2.3193359374999997e-28
0.2582260190634596	2.25830078125e-28
0.26001595631652713	2.227783203125e-28
0.2618183008218985	2.197265625e-28
0.26363313858253795	2.166748046875e-28
0.26546055619755393	2.13623046875e-28
0.2673006408663311	2.1057128906249996e-28
0.26915348039269155	2.0751953125e-28
0.2710191631890842	2.044677734375e-28
0.272897778280804	2.01416015625e-28
0.27478941531023965	1.983642578125e-28
0.27669416454115114	1.9531249999999999e-28
0.278612116862977	1.9226074218749997e-28
0.2805433637951713	1.8920898437499998e-28
0.28248799749157066	1.8615722656249999e-28
0.28444611074479154	1.8310546874999997e-28
0.28641779699065806	1.8310546874999997e-28
0.28840315031266056	1.77001953125e-28
0.290402265446445	1.77001953125e-28
0.2924152377843335	1.7395019531249998e-28
0.2944421633798761	1.7089843749999999e-28
0.29648313895243417	1.678466796875e-28
0.29853826189179594	1.6479492187499998e-28
0.3006076302628231	1.6479492187499998e-28
0.3026913428101306	1.617431640625e-28
0.30478949896279833	1.5869140625e-28
0.3069021988391158	1.5563964843749999e-28
0.30902954325135906	1.5563964843749999e-28
0.3111716337106018	1.52587890625e-28
0.31332857243155854	1.495361328125e-28
0.3155004623374627	1.495361328125e-28
0.31768740706497706	1.46484375e-28
0.3198895109691398	1.4343261718749998e-28
0.32210687912834346	1.4343261718749998e-28
0.32433961734934924	1.4038085937499998e-28
0.3265878321723358	1.373291015625e-28
0.32885163087598307	1.373291015625e-28
0.33113112148259105	1.3427734374999998e-28
0.333426412763235	1.3122558593749999e-28
0.3357376142429546	1.3122558593749999e-28
0.3380648362059816	1.28173828125e-28
0.34040818970100095	1.2664794921875e-28
0.34276778654645035	1.2512207031249998e-28
0.3451437393358562	1.220703125e-28
0.3475361614432058	1.220703125e-28
0.3499451670283573	1.190185546875e-28
0.35237087104248715	1.190185546875e-28
0.35481338923357547	1.1596679687499999e-28
0.35727283815192895	1.1596679687499999e-28
0.3597493351557424	1.129150390625e-28
0.36224299841669866	1.1138916015625e-28
0.3647539469256079	1.0986328125e-28
0.36728230049808475	1.0833740234375e-28
0.3698281797802663	1.068115234375e-28
0.3723917062545686	1.0528564453124998e-28
0.3749730022454836	1.03759765625e-28
0.3775721909254161	1.03759765625e-28
0.3801893963205613	1.007080078125e-28
0.3828247433168227	1.007080078125e-28
0.3854783576657719	9.765624999999999e-29
0.38815036599064834	9.765624999999999e-29
0.3908408957924021	9.613037109374999e-29
0.3935500754557775	9.460449218749999e-29
0.39627803425543956	9.307861328124999e-29
0.39902490236214216	9.155273437499999e-29
0.40179081084894	9.155273437499999e-29
0.40457589169744274	9.002685546874999e-29
0.4073802778041128	8.85009765625e-29
0.4102041029866069	8.697509765624999e-29
0.41304750199016144	8.544921874999999e-29
0.41591061049402217	8.544921874999999e-29
0.41879356511791843	8.392333984375e-29
0.4216965034285823	8.239746093749999e-29
0.4246195639463127	8.087158203125e-29
0.427562886151586	8.087158203125e-29
0.4305266104917104	7.9345703125e-29
0.4335108783875286	7.781982421874999e-29
0.4365158322401657	7.781982421874999e-29
0.4395416154378243	7.62939453125e-29
0.4425883723626263	7.476806640625e-29
0.445656248397503	7.476806640625e-29
0.4487453899331319	7.32421875e-29
0.45185594437492216	7.171630859374999e-29
0.4549880601500483	7.171630859374999e-29
0.45814188671453326	7.019042968749999e-29
0.46131757456037914	6.9427490234375e-29
0.4645152752227492	6.866455078125e-29
0.46773514128719795	6.713867187499999e-29
0.47097732639695267	6.713867187499999e-29
0.4742419852602444	6.561279296874999e-29
0.4775292736576906	6.561279296874999e-29
0.4808393484497283	6.40869140625e-29
0.4841723675840991	6.3323974609375e-29
0.48752849010338606	6.256103515624999e-29
0.4909078761526028	6.179809570312499e-29
0.49431068698683517	6.103515625e-29
0.4977370849789357	5.950927734375e-29
0.501187233627272	5.950927734375e-29
0.5046612975635282	5.798339843749999e-29
0.5081594425605603	5.798339843749999e-29
0.5116818355403076	5.722045898437499e-29
0.5152286445817563	5.645751953125e-29
0.5188000389289609	5.5694580078125e-29
0.5223961889991195	5.4931640625e-29
0.526017266390706	5.4168701171875e-29
0.5296634438916576	5.340576171875e-29
0.5333348954876207	5.264282226562499e-29
0.5370317963702526	5.18798828125e-29
0.5407543229455806	5.18798828125e-29
0.544502652842421	5.035400390625e-29
0.5482769649208535	5.035400390625e-29
0.5520774392807571	4.9591064453125e-29
0.5559042572704034	4.8828124999999996e-29
0.55975760149511	4.8065185546874993e-29
0.5636376558259543	4.7302246093749995e-29
0.5675446054085469	4.7302246093749995e-29
0.5714786366718668	4.6539306640624997e-29
0.5754399373371567	4.5776367187499994e-29
0.5794286964268808	4.5776367187499994e-29
0.5834451042737445	4.5013427734374996e-29
0.5874893525297765	4.425048828125e-29
0.5915616341754737	4.3487548828124995e-29
0.5956621435290103	4.3487548828124995e-29
0.5997910762555093	4.2724609374999997e-29
0.6039486293763797	4.1961669921875e-29
0.6081350012787178	4.1198730468749995e-29
0.6123503917247733	4.1198730468749995e-29
0.6165950018614821	4.0435791015625e-29
0.6208690342300635	4.0435791015625e-29
0.6251726927756857	3.96728515625e-29
0.6295061828571975	3.8909912109374996e-29
0.6338697112569268	3.8909912109374996e-29
0.6382634861905485	3.814697265625e-29
0.6426877173170196	3.7384033203125e-29
0.647142615748583	3.7384033203125e-29
0.6516283940608425	3.662109375e-29
0.6561452663029053	3.662109375e-29
0.6606934480075959	3.5858154296874994e-29
0.6652731562017412	3.5858154296874994e-29
0.6698846094165263	3.5095214843749996e-29
0.6745280276979219	3.47137451171875e-29
0.6792036326171844	3.4332275390625e-29
0.6839116472814292	3.3569335937499995e-29
0.6886522963442759	3.3569335937499995e-29
0.693425806016569	3.2806396484374997e-29
0.6982324040771712	3.2806396484374997e-29
0.7030723198838333	3.204345703125e-29
0.7079457843841378	3.204345703125e-29
0.7128530301265195	3.16619873046875e-29
0.7177942912713617	3.1280517578124996e-29
0.7227698036021702	3.0899047851562494e-29
0.727779804536824	3.0517578125e-29
0.732824533138904	3.01361083984375e-29
0.7379042301291009	2.9754638671875e-29
0.7430191378967014	2.9754638671875e-29
0.7481695005111544	2.8991699218749996e-29
0.7533555637337174	2.8991699218749996e-29
0.7585775750291838	2.8610229492187495e-29
0.7638357835776907	2.8228759765625e-29
0.7691304402866096	2.78472900390625e-29
0.7744617978025187	2.74658203125e-29
0.7798301105232587	2.74658203125e-29
0.7852356346100717	2.70843505859375e-29
0.7906786279998251	2.6702880859375e-29
0.7961593504173188	2.6321411132812496e-29
0.8016780633876791	2.593994140625e-29
0.8072350302488381	2.593994140625e-29
0.8128305161640992	2.55584716796875e-29
0.8184647881347898	2.5177001953125e-29
0.8241381150130023	2.5177001953125e-29
0.8298507675144224	2.47955322265625e-29
0.8356030182312479	2.4414062499999998e-29
0.841395141645195	2.4414062499999998e-29
0.8472274141405965	2.4032592773437496e-29
0.8531001140175896	2.3651123046874997e-29
0.8590135215053959	2.3651123046874997e-29
0.8649679187756935	2.3269653320312499e-29
0.8709635899560808	2.2888183593749997e-29
0.8770008211436349	2.2888183593749997e-29
0.8830799004185629	2.2506713867187498e-29
0.8892011178579485	2.2125244140625e-29
0.895364765549594	2.2125244140625e-29
0.901571137605957	2.1743774414062497e-29
0.9078205301781859	2.1743774414062497e-29
0.9141132414702504	2.1362304687499998e-29
0.9204495717531714	2.1362304687499998e-29
0.9268298233793494	2.09808349609375e-29
0.9332543007969912	2.09808349609375e-29
0.939723310564638	2.0599365234374998e-29
0.9462371613657932	2.0599365234374998e-29
0.952796164023652	2.02178955078125e-29
0.9594006315159332	2.02178955078125e-29
0.9660508789898136	1.983642578125e-29
0.9727472237769652	1.983642578125e-29
0.979489985408699	1.9454956054687498e-29
0.9862794856312106	1.9454956054687498e-29
0.9931160484209339	1.9073486328125e-29
1.0000000000000002	1.9073486328125e-29