0.010000000000000005	2.4488801035549465e-15
0.010471285480508997	2.564288133651498e-15
0.01096478196143185	2.685134564338482e-15
0.011481536214968837	2.811675608849801e-15
0.012022644346174135	2.944179541947538e-15
0.012589254117941677	3.0829272663763188e-15
0.013182567385564073	3.2282129057197365e-15
0.013803842646028849	3.3803444248597177e-15
0.014454397707459285	3.539644279289796e-15
0.01513561248436209	3.706450094584945e-15
0.01584893192461114	3.881115377383578e-15
0.01659586907437561	4.064010259291455e-15
0.01737800828749377	4.255522275172717e-15
0.018197008586099846	4.4560571773494855e-15
0.01905460717963248	4.6660397872887194e-15
0.01995262314968881	4.885914886412625e-15
0.020892961308540407	5.116148147726931e-15
0.02187761623949554	5.357227110019284e-15
0.022908676527677745	5.609662196437481e-15
0.023988329190194915	5.8739877793137504e-15
0.02511886431509582	6.150763293156334e-15
0.026302679918953832	6.440574397782497e-15
0.027542287033381685	6.744034193616988e-15
0.028840315031266075	7.061784491225962e-15
0.030199517204020185	7.394497137197594e-15
0.03162277660168381	7.742875398515569e-15
0.033113112148259134	8.107655407599113e-15
0.034673685045253186	8.489607670201423e-15
0.03630780547701015	8.889538638365755e-15
0.038018939632056145	9.308292350632277e-15
0.03981071705534975	9.746752141667324e-15
0.04168693834703357	1.0205842423446658e-14
0.04365158322401662	1.0686530540062577e-14
0.04570881896148754	1.1189828698137316e-14
0.047863009232263866	1.1716795974714175e-14
0.05011872336272727	1.2268540404331953e-14
0.05248074602497729	1.2846221146825773e-14
0.05495408738576248	1.3451050737136783e-14
0.057543993733715736	1.4084297418146528e-14
0.06025595860743581	1.474728755719489e-14
0.06309573444801937	1.5441408146546618e-14
0.06606934480075964	1.6168109387568333e-14
0.06918309709189371	1.6928907357824758e-14
0.07244359600749906	1.7725386759628006e-14
0.07585775750291844	1.8559203747808647e-14
0.07943282347242821	1.9432088833586976e-14
0.08317637711026715	2.0345849860404148e-14
0.08709635899560814	2.1302375046408188e-14
0.09120108393559102	2.2303636086968446e-14
0.09549925860214367	2.3351691309096467e-14
0.10000000000000006	2.444868886796866e-14
0.10471285480509004	2.5596869973862957e-14
0.10964781961431858	2.679857159747704e-14
0.11481536214968839	2.8056231858200693e-14
0.12022644346174138	2.937239060263982e-14
0.12589254117941678	3.074969250323673e-14
0.1318256738556408	3.21908929590108e-14
0.1380384264602886	3.369885892869849e-14
0.14454397707459288	3.527657238394866e-14
0.15135612484362093	3.692713305657213e-14
0.15848931924611148	3.8653760987412326e-14
0.1659586907437562	4.045979883311183e-14
0.17378008287493768	4.2348713882534e-14
0.1819700858609985	4.432409972990719e-14
0.19054607179632488	4.6389677578729874e-14
0.19952623149688814	4.8549296870866523e-14
0.20892961308540414	5.0806935889753864e-14
0.21877616239495548	5.316670118814527e-14
0.2290867652767775	5.5632826646706575e-14
0.23988329190194924	5.820967170177372e-14
0.25118864315095824	6.090171933105016e-14
0.2630267991895384	6.371357020496812e-14
0.2754228703338169	6.664994124005423e-14
0.28840315031266084	6.971565789515097e-14
0.30199517204020193	7.291564762703913e-14
0.3162277660168383	7.62549315378867e-14
0.33113112148259144	7.973861456190809e-14
0.34673685045253194	8.337187406205825e-14
0.36307805477010163	8.715994673802961e-14
0.38018939632056153	9.110811371173118e-14
0.39810717055349765	9.522168367431122e-14
0.41686938347033564	9.950597397166985e-14
0.4365158322401662	1.0396629414634701e-13
0.4570881896148753	1.0860789934153571e-13
0.4786300923226386	1.1343601087907032e-13
0.5011872336272726	1.1845574151732134e-13
0.5248074602497729	1.2367208766002934e-13
0.5495408738576248	1.2908989096610108e-13
0.5754399373371573	1.3471380171354562e-13
0.6025595860743579	1.4054823919861126e-13
0.6309573444801935	1.4659734810559682e-13
0.6606934480075962	1.5286495514142498e-13
0.6918309709189367	1.5935454824465188e-13
0.7244359600749903	1.660690776531736e-13
0.7585775750291841	1.7301119248300625e-13
0.7943282347242818	1.801829015019511e-13
0.8317637711026713	1.875856367548621e-13
0.8709635899560811	1.9522018104730786e-13
0.9120108393559103	2.0308659249054365e-13
0.9549925860214366	2.1118407287651695e-13
1.0000000000000007	2.195112220583379e-13
1.0471285480509	2.280653166419677e-13
1.0964781961431858	2.368428863349852e-13
1.1481536214968835	2.4583931516343165e-13
1.2022644346174136	2.550488325127445e-13
1.2589254117941682	2.6446444053938767e-13
1.3182567385564081	2.740778422202989e-13
1.3803842646028859	2.838793699418832e-13
1.4454397707459288	2.9385791919435697e-13
1.5135612484362093	3.0400088857634613e-13
1.584893192461115	3.1429411908524803e-13
1.659586907437562	3.2472183700941167e-13
1.737800828749377	3.352666171090461e-13
1.8197008586099854	3.459093488768936e-13
1.9054607179632492	3.566291831274502e-13
1.995262314968882	3.674035558037668e-13
2.089296130854042	3.782081429107215e-13
2.1877616239495548	3.8901689278161154e-13
2.2908676527677754	3.998020086239477e-13
2.398832919019493	4.1053404208366513e-13
2.511886431509583	4.2118190208167197e-13
2.630267991895383	4.3171291657951513e-13
2.7542287033381676	4.420929227483172e-13
2.8840315031266073	4.522863979494125e-13
3.019951720402018	4.622565117452263e-13
3.1622776601683813	4.719653347013261e-13
3.311311214825912	4.813739271797366e-13
3.467368504525318	4.904417434713492e-13
3.630780547701015	4.991308855947227e-13
3.8018939632056146	5.073980820560686e-13
3.9810717055349754	5.15203365314124e-13
4.168693834703357	5.225061117148328e-13
4.365158322401663	5.292644438906033e-13
4.570881896148754	5.3543912513865e-13
4.786300923226387	5.40992528133093e-13
5.011872336272726	5.458844848604498e-13
5.24807460249773	5.500795790358762e-13
5.49540873857625	5.535425546612504e-13
5.754399373371575	5.562415812612646e-13
6.025595860743583	5.581458584074237e-13
6.309573444801939	5.592282227164893e-13
6.606934480075967	5.59464068413208e-13
6.918309709189371	5.588333747905338e-13
7.244359600749907	5.573159206446993e-13
7.585775750291845	5.549055038607296e-13
7.943282347242825	5.51586904472143e-13
8.317637711026718	5.473577980902346e-13
8.709635899560817	5.422185183818072e-13
9.120108393559107	5.361777011788743e-13
9.549925860214373	5.292433306689198e-13
10.00000000000001	5.214320779858824e-13
10.47128548050901	5.127663639307289e-13
10.964781961431862	5.03274575756559e-13
11.481536214968834	4.929894371915122e-13
12.022644346174133	4.819498393094248e-13
12.58925411794168	4.70200075095084e-13
13.182567385564075	4.57789864791411e-13
13.803842646028857	4.4477317987262745e-13
14.454397707459282	4.3120953183864914e-13
15.135612484362092	4.171641366463469e-13
15.848931924611144	4.027021372997007e-13
16.59586907437562	3.8789670948816235e-13
17.378008287493763	3.7282127224988856e-13
18.197008586099848	3.575506734640059e-13
19.054607179632484	3.421635133759862e-13
19.952623149688815	3.2673703663592754e-13
20.89296130854041	3.113485318381624e-13
21.87761623949555	2.960778473746635e-13
22.90867652767775	2.8099688335397577e-13
23.98832919019493	2.661785914035267e-13
25.118864315095824	2.5169133209732524e-13
26.30267991895385	2.376000600171703e-13
27.54228703338169	2.2396244901837273e-13
28.840315031266094	2.1083060188612014e-13
30.19951720402019	1.982505812262662e-13
31.62277660168383	1.8625996757727505e-13
33.11311214825914	1.7488945621575648e-13
34.67368504525318	1.641607255657094e-13
36.30780547701014	1.5408740278774451e-13
38.01893963205614	1.4467462172231146e-13
39.810717055349734	1.3591895548586373e-13
41.68693834703356	1.2780935550495088e-13
43.65158322401661	1.2032642934753083e-13
45.70881896148753	1.1344643940447777e-13
47.863009232263856	1.0713654215714337e-13
50.11872336272726	1.0136118703583075e-13
52.480746024977286	9.607898322006827e-14
54.95408738576247	9.124806508279079e-14
57.543993733715745	8.682332355798234e-14
60.25595860743582	8.27601862386878e-14
63.095734448019364	7.901434946837978e-14
66.06934480075962	7.554355531627166e-14
69.18309709189366	7.230831981741546e-14
72.44359600749907	6.927306754522494e-14
75.85775750291843	6.640564289760867e-14
79.4328234724282	6.367898926881352e-14
83.1763771102672	6.107042209955279e-14
87.09635899560816	5.85623622626037e-14
91.20108393559104	5.6141266914316264e-14
95.49925860214366	5.37975654971355e-14
100.00000000000004	5.152534233522427e-14